function F_x = F_x_EoM_RSS(in1)
%F_x_EoM_RSS
%    F_x = F_x_EoM_RSS(IN1)

%    This function was generated by the Symbolic Math Toolbox version 9.0.
%    27-Jan-2024 19:58:11

u11 = in1(1,:);
u12 = in1(2,:);
u13 = in1(3,:);
u21 = in1(4,:);
u22 = in1(5,:);
u23 = in1(6,:);
u24 = in1(7,:);
t2 = u11.^2;
t3 = u12.^2;
t4 = u13.^2;
t5 = u21.^2;
t6 = u22.^2;
t7 = u23.^2;
t8 = u24.^2;
t9 = u21.*u22.*2.0;
t10 = u21.*u23.*2.0;
t11 = u21.*u24.*2.0;
t12 = u22.*u23.*2.0;
t13 = u22.*u24.*2.0;
t14 = u23.*u24.*2.0;
t15 = t6.*2.0;
t16 = t7.*2.0;
t17 = t8.*2.0;
t18 = -t9;
t19 = -t10;
t20 = -t11;
t21 = -t12;
t22 = -t13;
t23 = -t14;
t24 = -t6;
t25 = -t7;
t26 = -t8;
t27 = t9+t14;
t28 = t10+t13;
t29 = t11+t12;
t30 = t2+t3+t4;
t31 = t9+t23;
t32 = t10+t22;
t33 = t11+t21;
t34 = 1.0./t30;
t35 = t15+t16-1.0;
t36 = t15+t17-1.0;
t37 = t16+t17-1.0;
t38 = t5+t8+t24+t25;
t39 = t5+t7+t24+t26;
t40 = t5+t6+t25+t26;
t41 = t27.*t34.*u11.*u12.*2.287629575830998e-1;
t42 = t29.*t34.*u11.*u12.*2.287629575830998e-1;
t43 = t28.*t34.*u11.*u13.*2.287629575830998e-1;
t44 = t29.*t34.*u11.*u13.*2.287629575830998e-1;
t45 = t27.*t34.*u12.*u13.*2.287629575830998e-1;
t46 = t28.*t34.*u12.*u13.*2.287629575830998e-1;
t48 = t32.*t34.*u11.*u12.*2.287629575830998e-1;
t49 = t33.*t34.*u11.*u12.*2.287629575830998e-1;
t51 = t31.*t34.*u11.*u13.*2.287629575830998e-1;
t52 = t32.*t34.*u11.*u13.*2.287629575830998e-1;
t55 = t31.*t34.*u12.*u13.*2.287629575830998e-1;
t58 = t33.*t34.*u12.*u13.*2.287629575830998e-1;
t59 = t2.*t29.*t34.*2.287629575830998e-1;
t60 = t3.*t27.*t34.*2.287629575830998e-1;
t61 = t4.*t28.*t34.*2.287629575830998e-1;
t62 = t2.*t32.*t34.*2.287629575830998e-1;
t65 = t3.*t33.*t34.*2.287629575830998e-1;
t66 = t4.*t31.*t34.*2.287629575830998e-1;
t68 = t34.*t36.*u11.*u12.*2.287629575830998e-1;
t69 = t34.*t35.*u11.*u13.*2.287629575830998e-1;
t70 = t34.*t37.*u11.*u12.*2.287629575830998e-1;
t71 = t34.*t35.*u12.*u13.*2.287629575830998e-1;
t72 = t34.*t37.*u11.*u13.*2.287629575830998e-1;
t73 = t34.*t36.*u12.*u13.*2.287629575830998e-1;
t74 = t2.*t34.*t37.*2.287629575830998e-1;
t75 = t3.*t34.*t36.*2.287629575830998e-1;
t76 = t4.*t34.*t35.*2.287629575830998e-1;
t47 = -t41;
t50 = -t42;
t53 = -t43;
t54 = -t44;
t56 = -t45;
t57 = -t46;
t63 = -t59;
t64 = -t60;
t67 = -t61;
t77 = t29+t51+t63+t68;
t78 = t27+t48+t64+t71;
t79 = t28+t58+t67+t72;
t80 = t13+t19+t47+t62+t69;
t81 = t12+t20+t57+t65+t70;
t82 = t14+t18+t54+t66+t73;
t83 = t40+t49+t53+t74;
t84 = t39+t50+t55+t75;
t85 = t38+t52+t56+t76;
F_x = reshape([t29.*t77-t32.*t80+t40.*t83,t27.*t80-t33.*t83+t39.*t77,-t31.*t77+t28.*t83+t38.*t80,-t32.*t78+t29.*t84+t40.*t81,t27.*t78-t33.*t81+t39.*t84,t28.*t81-t31.*t84+t38.*t78,t29.*t82-t32.*t85+t40.*t79,t27.*t85-t33.*t79+t39.*t82,t28.*t79-t31.*t82+t38.*t85],[3,3]);
