function dx = LSSeom_gyrBod(t,in2,in3,Vl,Vs,h,Wi,l0,m,k,b,gamx,gamy,rx,ry,alpha)
%LSSeom_gyrBod
%    DX = LSSeom_gyrBod(T,IN2,IN3,Vl,Vs,H,Wi,L0,M,K,B,GAMX,GAMY,RX,RY,ALPHA)

%    This function was generated by the Symbolic Math Toolbox version 9.0.
%    09-Sep-2023 13:16:57

F1 = in3(:,1);
F2 = in3(:,2);
x1 = in2(:,1);
x2 = in2(:,2);
x3 = in2(:,3);
x4 = in2(:,4);
x5 = in2(:,5);
x6 = in2(:,6);
x7 = in2(:,7);
x8 = in2(:,8);
x9 = in2(:,9);
x10 = in2(:,10);
x11 = in2(:,11);
x12 = in2(:,12);
x13 = in2(:,13);
x14 = in2(:,14);
t2 = F1.*x3;
t3 = F2.*x3;
t4 = Vl.*x1;
t5 = Vl+x3;
t6 = Vs.*x2;
t7 = Vs+x3;
t8 = x1.*x3;
t9 = x2.*x3;
t10 = Vl.*2.0;
t11 = Vl.*3.0;
t12 = Vs.*2.0;
t13 = Vs.*3.0;
t14 = alpha.*2.0;
t15 = alpha.*3.0;
t16 = alpha.*4.0;
t17 = alpha.*5.0;
t18 = alpha.^2;
t19 = alpha.^3;
t20 = rx.^2;
t23 = ry.^2;
t26 = x1.*2.0;
t27 = x2.*2.0;
t28 = x3.*2.0;
t29 = x7.^2;
t30 = x8.^2;
t31 = x8.^3;
t32 = x9.^2;
t34 = x9.^3;
t35 = x10.^2;
t36 = x8.^5;
t38 = x10.^3;
t39 = x11.^2;
t40 = x9.^5;
t42 = x12.^2;
t43 = x13.^2;
t44 = x14.^2;
t45 = F1.*Vl;
t46 = F2.*Vs;
t49 = Vl.*x3.*4.0;
t51 = Vs.*x3.*4.0;
t52 = x7.*x8.*2.0;
t53 = x7.*x9.*2.0;
t54 = x7.*x10.*2.0;
t55 = x8.*x9.*2.0;
t56 = x8.*x10.*2.0;
t57 = x7.*x12.*2.0;
t58 = x8.*x11.*2.0;
t59 = x9.*x10.*2.0;
t60 = x7.*x13.*2.0;
t61 = x9.*x11.*2.0;
t62 = x7.*x12.*4.0;
t63 = x7.*x14.*2.0;
t64 = x8.*x11.*4.0;
t65 = x8.*x13.*2.0;
t66 = x9.*x12.*2.0;
t67 = x10.*x11.*2.0;
t68 = x7.*x13.*4.0;
t69 = x8.*x14.*2.0;
t70 = x9.*x11.*4.0;
t71 = x10.*x12.*2.0;
t72 = x7.*x14.*4.0;
t73 = x8.*x13.*4.0;
t74 = x9.*x12.*4.0;
t75 = x9.*x14.*2.0;
t76 = x10.*x11.*4.0;
t77 = x10.*x13.*2.0;
t78 = x8.*x14.*4.0;
t79 = x10.*x12.*4.0;
t80 = x9.*x14.*4.0;
t81 = x10.*x13.*4.0;
t82 = Wi.*x7.*x8;
t83 = Wi.*x7.*x10;
t84 = Wi.*x8.*x9;
t85 = Wi.*x9.*x10;
t86 = -Vs;
t90 = alpha-1.0;
t91 = -h;
t92 = 1.0./m;
t93 = -x1;
t94 = -x2;
t96 = 1.0./x7;
t97 = Vl.*Vs.*8.0;
t102 = Vl.*x3.*-2.0;
t104 = Vl.*x3.*8.0;
t106 = Vs.*x3.*-2.0;
t108 = Vs.*x3.*8.0;
t133 = Wi./2.0;
t138 = alpha./2.0;
t160 = h.*x7.*x8.*-2.0;
t21 = t20.^2;
t22 = t20.^3;
t24 = t23.^2;
t25 = t23.^3;
t33 = t30.^2;
t37 = t32.^2;
t41 = t35.^2;
t47 = Vs.*t10;
t48 = t10.*x3;
t50 = t12.*x3;
t87 = -t13;
t88 = -t14;
t89 = -t16;
t95 = -t27;
t98 = -t2;
t99 = alpha.*t14;
t100 = alpha.*t15;
t101 = alpha.*t17;
t103 = -t49;
t105 = -t6;
t107 = -t51;
t110 = t30.*2.0;
t111 = t32.*2.0;
t112 = -t9;
t113 = -t55;
t114 = -t56;
t115 = -t58;
t116 = -t59;
t117 = -t61;
t118 = -t64;
t119 = -t66;
t120 = -t67;
t121 = -t69;
t122 = -t70;
t123 = -t73;
t124 = -t76;
t125 = -t77;
t126 = -t79;
t127 = -t80;
t128 = Vl+t5;
t129 = Vs+t7;
t130 = Wi.*t30;
t131 = Wi.*t35;
t132 = t18.*x7;
t134 = h.*t52;
t135 = h.*t53;
t136 = h.*t56;
t137 = h.*t59;
t139 = -t45;
t140 = t14-2.0;
t141 = t18.*-3.0;
t142 = t18.*-5.0;
t143 = t90.^2;
t144 = -t30;
t145 = -t32;
t146 = -t35;
t147 = Vl+t86;
t149 = F1+t93;
t150 = F2+t94;
t151 = t10.*t30;
t152 = t10.*t32;
t153 = t12.*t30;
t154 = t12.*t32;
t158 = -t84;
t159 = -t133;
t161 = alpha.*m.*t20;
t162 = Vl.*t30.*-2.0;
t163 = Vl.*t32.*-2.0;
t164 = Vs.*t30.*-2.0;
t165 = Vs.*t32.*-2.0;
t167 = alpha.*t90.*x8;
t168 = gamx.*m.*t14.*t20;
t169 = (t18.*x9)./2.0;
t170 = (t18.*x10)./2.0;
t171 = t11+t86;
t172 = t7.*t10.*x7.*x8;
t173 = t5.*t12.*x7.*x9;
t178 = alpha.*t31.*t90;
t179 = t36.*t97.*x7;
t180 = t40.*t97.*x7;
t181 = t36.*t97.*x10;
t182 = t40.*t97.*x10;
t183 = m.*t23.*t90;
t188 = gamx.*m.*t16.*t20.*x7;
t189 = gamx.*m.*t16.*t20.*x8;
t190 = gamx.*m.*t16.*t20.*x9;
t191 = gamx.*m.*t16.*t20.*x10;
t195 = t52+t59;
t196 = t53+t56;
t197 = t54+t55;
t198 = m.*t20.*t138;
t199 = t138-1.0./2.0;
t202 = Vl.*Vs.*t40.*x10.*-8.0;
t207 = alpha.*t30.*t90.*x7;
t214 = (t18.*t34)./2.0;
t215 = (t18.*t38)./2.0;
t223 = (t18.*t32.*x8)./2.0;
t225 = (t18.*t35.*x8)./2.0;
t239 = Vl.*Vs.*t30.*t34.*x7.*1.6e+1;
t240 = Vl.*Vs.*t31.*t32.*x7.*1.6e+1;
t241 = Vl.*Vs.*t30.*t34.*x10.*1.6e+1;
t242 = Vl.*Vs.*t31.*t32.*x10.*1.6e+1;
t267 = t39+t42+t43+t44;
t109 = t25.*2.0;
t148 = Vl+t87;
t155 = alpha.*t25.*6.0;
t156 = h.*t110;
t157 = h.*t111;
t174 = t14.*t18.*t22;
t175 = t14.*t18.*t25;
t176 = t18.*t25.*6.0;
t177 = -t161;
t184 = alpha.*t20.*t24.*7.0;
t185 = gamx.*t161.*-2.0;
t186 = -t169;
t187 = -t170;
t192 = t18+t88+1.0;
t193 = t19.*t25.*-2.0;
t194 = -t167;
t200 = t15+t141;
t201 = t17+t142;
t203 = (t132.*x8.*x9)./2.0;
t204 = (t132.*x8.*x10)./2.0;
t205 = (t132.*x9.*x10)./2.0;
t206 = t169.*x8.*x10;
t208 = t37.*t97.*x7.*x8;
t209 = t33.*t97.*x7.*x9;
t210 = t37.*t97.*x8.*x10;
t211 = t33.*t97.*x9.*x10;
t212 = gamx.*t161.*x8.*-4.0;
t213 = gamx.*t161.*x10.*-4.0;
t216 = t52+t116;
t217 = t53+t114;
t218 = t54+t113;
t219 = t161.*(-1.0./2.0);
t220 = t89+t99+2.0;
t221 = (t32.*t132)./2.0;
t222 = (t35.*t132)./2.0;
t224 = t30.*t169;
t226 = t30.*t170;
t227 = t35.*t169;
t228 = t32.*t170;
t229 = t18.*t21.*t23.*7.0;
t230 = t19.*t20.*t24.*7.0;
t231 = t19.*t21.*t23.*7.0;
t232 = gamy.*t183.*2.0;
t233 = Vl.*Vs.*t33.*x9.*x10.*-8.0;
t234 = (t143.*x8)./2.0;
t235 = Vl.*t33.*t149.*4.0;
t236 = Vl.*t37.*t149.*4.0;
t237 = Vs.*t33.*t150.*4.0;
t238 = Vs.*t37.*t150.*4.0;
t243 = gamy.*t183.*x7.*4.0;
t244 = gamy.*t183.*x8.*4.0;
t245 = gamy.*t183.*x9.*4.0;
t246 = gamy.*t183.*x10.*4.0;
t247 = t138.*t140.*x9;
t248 = Vl.*t31.*t129.*x7.*4.0;
t249 = Vs.*t34.*t128.*x7.*4.0;
t250 = Vl.*t31.*t129.*x10.*4.0;
t251 = Vs.*t34.*t128.*x10.*4.0;
t253 = t18.*t20.*t24.*1.4e+1;
t257 = Vl.*t30.*t129.*x7.*x9.*4.0;
t258 = Vs.*t32.*t128.*x7.*x8.*4.0;
t259 = -t241;
t260 = (t31.*t143)./2.0;
t261 = alpha.*t140.*x9.*(-1.0./2.0);
t264 = t38.*t147.*x3.*x8.*4.0;
t266 = t38.*t147.*x3.*x9.*4.0;
t269 = t110+t111-1.0;
t272 = t35.*t147.*x3.*x7.*x8.*4.0;
t273 = t35.*t147.*x3.*x7.*x9.*4.0;
t277 = t34.*t138.*t140;
t278 = t47+t51+t102;
t279 = t47+t49+t106;
t280 = (t30.*t143.*x7)./2.0;
t284 = t32.*t138.*t140.*x7;
t286 = m.*t23.*t199;
t289 = t54.*t147.*t149;
t290 = t55.*t147.*t149;
t291 = t54.*t147.*t150;
t292 = t55.*t147.*t150;
t293 = t110.*t128.*t149;
t294 = t111.*t128.*t149;
t295 = t110.*t129.*t150;
t296 = t111.*t129.*t150;
t297 = t97+t103+t108;
t298 = t97+t104+t107;
t301 = t35.*t147.*t149.*4.0;
t302 = t35.*t147.*t150.*4.0;
t303 = t41.*t147.*t149.*4.0;
t304 = t41.*t147.*t150.*4.0;
t305 = t147.*t150.*x7.*x10.*-2.0;
t306 = t30.*t129.*t150.*-2.0;
t307 = t32.*t129.*t150.*-2.0;
t308 = t5+t162+t163;
t309 = t7+t164+t165;
t313 = t38.*t147.*t149.*x7.*4.0;
t314 = t34.*t147.*t149.*x8.*4.0;
t315 = t38.*t147.*t150.*x7.*4.0;
t316 = t31.*t147.*t150.*x9.*4.0;
t317 = t32.*t147.*t149.*x7.*x10.*4.0;
t318 = t30.*t147.*t150.*x7.*x10.*4.0;
t322 = t29+t35+t144+t145;
t323 = t29+t32+t144+t146;
t324 = t29+t30+t145+t146;
t328 = t31.*t147.*t149.*x9.*8.0;
t329 = t34.*t147.*t150.*x8.*8.0;
t330 = t36.*t147.*t149.*x9.*8.0;
t331 = t40.*t147.*t150.*x8.*8.0;
t332 = t57+t75+t115+t125;
t333 = t60+t71+t117+t121;
t334 = t63+t65+t119+t120;
t335 = t62+t81+t118+t127;
t336 = t68+t78+t122+t126;
t337 = t72+t74+t123+t124;
t338 = (-t5+t151+t152).^2;
t339 = (-t7+t153+t154).^2;
t341 = t35.*t147.*t149.*x8.*x9.*-4.0;
t342 = t30.*t147.*t149.*x7.*x10.*8.0;
t343 = t35.*t147.*t150.*x8.*x9.*-4.0;
t344 = t33.*t147.*t149.*x7.*x10.*8.0;
t345 = t32.*t147.*t150.*x7.*x10.*8.0;
t346 = t37.*t147.*t150.*x7.*x10.*8.0;
t353 = t83+t135+t136+t158;
t355 = t30.*t37.*t147.*t149.*8.0;
t356 = t31.*t34.*t147.*t149.*8.0;
t357 = t32.*t33.*t147.*t149.*8.0;
t358 = t30.*t41.*t147.*t149.*8.0;
t359 = t33.*t35.*t147.*t149.*8.0;
t360 = t30.*t37.*t147.*t150.*8.0;
t361 = t31.*t34.*t147.*t150.*8.0;
t362 = t32.*t41.*t147.*t149.*8.0;
t363 = t32.*t33.*t147.*t150.*8.0;
t364 = t35.*t37.*t147.*t149.*8.0;
t365 = t30.*t35.*t147.*t149.*1.2e+1;
t366 = t30.*t41.*t147.*t150.*8.0;
t367 = t33.*t35.*t147.*t150.*8.0;
t368 = t32.*t35.*t147.*t149.*1.2e+1;
t369 = t32.*t41.*t147.*t150.*8.0;
t370 = t35.*t37.*t147.*t150.*8.0;
t371 = t30.*t35.*t147.*t150.*1.2e+1;
t372 = t32.*t35.*t147.*t150.*1.2e+1;
t373 = t30.*t32.*t149.*(Vs-t11).*-4.0;
t374 = t30.*t38.*t147.*t149.*x7.*8.0;
t375 = t32.*t38.*t147.*t149.*x7.*8.0;
t376 = t30.*t38.*t147.*t150.*x7.*8.0;
t377 = t34.*t35.*t147.*t149.*x8.*8.0;
t379 = t32.*t38.*t147.*t150.*x7.*8.0;
