function dx = lDSr_split_eom_gyrBod(t,in2,in3,in4,Vl,Vs_bl,Vs_fl,h,Wi,l0,m,k,b,gamx,gamy,rx,ry,alpha)
%lDSr_split_eom_gyrBod
%    DX = lDSr_split_eom_gyrBod(T,IN2,IN3,IN4,Vl,Vs_bl,Vs_fl,H,Wi,L0,M,K,B,GAMX,GAMY,RX,RY,ALPHA)

%    This function was generated by the Symbolic Math Toolbox version 9.0.
%    09-Sep-2023 13:58:50

F1l = in3(:,1);
F2l = in3(:,2);
F1r = in4(:,1);
F2r = in4(:,2);
x1 = in2(:,1);
x2 = in2(:,2);
x3 = in2(:,3);
x4 = in2(:,4);
x5 = in2(:,5);
x6 = in2(:,6);
x7 = in2(:,7);
x8 = in2(:,8);
x9 = in2(:,9);
x10 = in2(:,10);
x11 = in2(:,11);
x12 = in2(:,12);
x13 = in2(:,13);
x14 = in2(:,14);
t2 = F1l.*x3;
t3 = F2l.*x3;
t4 = F1r.*x3;
t5 = F2r.*x3;
t6 = Vl.*x1;
t7 = Vl+x3;
t8 = Vs_bl.*x2;
t9 = Vs_fl.*x2;
t10 = Vs_bl+x3;
t11 = Vs_fl+x3;
t12 = x1.*x3;
t13 = x2.*x3;
t14 = Vl.*2.0;
t15 = Vl.*3.0;
t16 = Vs_bl.*2.0;
t17 = Vs_bl.*3.0;
t18 = Vs_fl.*2.0;
t19 = Vs_fl.*3.0;
t20 = alpha.*2.0;
t21 = alpha.*3.0;
t22 = alpha.*4.0;
t23 = alpha.*5.0;
t24 = alpha.^2;
t25 = alpha.^3;
t26 = rx.^2;
t29 = ry.^2;
t32 = x1.*2.0;
t33 = x2.*2.0;
t34 = x3.*2.0;
t35 = x7.^2;
t36 = x8.^2;
t37 = x8.^3;
t38 = x9.^2;
t40 = x9.^3;
t41 = x10.^2;
t42 = x8.^5;
t44 = x10.^3;
t45 = x11.^2;
t46 = x9.^5;
t48 = x12.^2;
t49 = x13.^2;
t50 = x14.^2;
t51 = F1l.*Vl;
t52 = F1r.*Vl;
t53 = F2l.*Vs_bl;
t54 = F2r.*Vs_fl;
t58 = Vl.*x3.*4.0;
t60 = Vs_bl.*x3.*4.0;
t62 = Vs_fl.*x3.*4.0;
t63 = x7.*x8.*2.0;
t64 = x7.*x9.*2.0;
t65 = x7.*x10.*2.0;
t66 = x8.*x9.*2.0;
t67 = x8.*x10.*2.0;
t68 = x7.*x12.*2.0;
t69 = x8.*x11.*2.0;
t70 = x9.*x10.*2.0;
t71 = x7.*x13.*2.0;
t72 = x9.*x11.*2.0;
t73 = x7.*x12.*4.0;
t74 = x7.*x14.*2.0;
t75 = x8.*x11.*4.0;
t76 = x8.*x13.*2.0;
t77 = x9.*x12.*2.0;
t78 = x10.*x11.*2.0;
t79 = x7.*x13.*4.0;
t80 = x8.*x14.*2.0;
t81 = x9.*x11.*4.0;
t82 = x10.*x12.*2.0;
t83 = x7.*x14.*4.0;
t84 = x8.*x13.*4.0;
t85 = x9.*x12.*4.0;
t86 = x9.*x14.*2.0;
t87 = x10.*x11.*4.0;
t88 = x10.*x13.*2.0;
t89 = x8.*x14.*4.0;
t90 = x10.*x12.*4.0;
t91 = x9.*x14.*4.0;
t92 = x10.*x13.*4.0;
t93 = -F2r;
t94 = Wi.*x7.*x8;
t95 = Wi.*x7.*x10;
t96 = Wi.*x8.*x9;
t97 = Wi.*x9.*x10;
t98 = -Vs_bl;
t100 = -Vs_fl;
t104 = alpha-1.0;
t105 = -h;
t106 = 1.0./m;
t107 = -x1;
t109 = -x2;
t111 = -x3;
t112 = 1.0./x7;
t113 = Vl.*Vs_bl.*8.0;
t114 = Vl.*Vs_fl.*8.0;
t120 = Vl.*x3.*-2.0;
t122 = Vl.*x3.*8.0;
t124 = Vs_bl.*x3.*-2.0;
t127 = Vs_fl.*x3.*-2.0;
t128 = Vs_bl.*x3.*8.0;
t130 = Vs_fl.*x3.*8.0;
t156 = Wi./2.0;
t161 = alpha./2.0;
t191 = h.*x7.*x8.*-2.0;
t192 = h.*x9.*x10.*-2.0;
t27 = t26.^2;
t28 = t26.^3;
t30 = t29.^2;
t31 = t29.^3;
t39 = t36.^2;
t43 = t38.^2;
t47 = t41.^2;
t55 = Vs_bl.*t14;
t56 = Vs_fl.*t14;
t57 = t14.*x3;
t59 = t16.*x3;
t61 = t18.*x3;
t99 = -t17;
t101 = -t19;
t102 = -t20;
t103 = -t22;
t108 = -t32;
t110 = -t33;
t115 = -t2;
t116 = -t4;
t117 = alpha.*t20;
t118 = alpha.*t21;
t119 = alpha.*t23;
t121 = -t58;
t123 = -t8;
t125 = -t60;
t126 = -t9;
t129 = -t62;
t132 = t36.*2.0;
t133 = t38.*2.0;
t134 = -t13;
t135 = -t66;
t136 = -t67;
t137 = -t69;
t138 = -t70;
t139 = -t72;
t140 = -t75;
t141 = -t77;
t142 = -t78;
t143 = -t80;
t144 = -t81;
t145 = -t84;
t146 = -t87;
t147 = -t88;
t148 = -t90;
t149 = -t91;
t150 = Vl+t7;
t151 = Vs_bl+t10;
t152 = Vs_fl+t11;
t153 = Wi.*t36;
t154 = Wi.*t41;
t155 = t24.*x7;
t157 = h.*t63;
t158 = h.*t64;
t159 = h.*t67;
t160 = h.*t70;
t162 = -t51;
t163 = -t52;
t164 = t20-2.0;
t165 = t24.*-3.0;
t166 = t24.*-5.0;
t167 = t104.^2;
t168 = -t36;
t169 = -t38;
t170 = -t41;
t171 = Vl+t98;
t173 = Vl+t100;
t175 = F1l+t107;
t176 = F2l+t109;
t177 = F1r+t107;
t178 = F2r+t109;
t179 = t14.*t36;
t180 = t14.*t38;
t181 = t16.*t36;
t182 = t16.*t38;
t183 = t18.*t36;
t184 = t18.*t38;
t188 = -t95;
t189 = -t96;
t190 = -t156;
t193 = alpha.*m.*t26;
t194 = Vl.*t36.*-2.0;
t195 = Vl.*t38.*-2.0;
t196 = Vs_bl.*t36.*-2.0;
t197 = Vs_bl.*t38.*-2.0;
t198 = Vs_fl.*t36.*-2.0;
t199 = Vs_fl.*t38.*-2.0;
t201 = h.*t36.*-2.0;
t202 = h.*t38.*-2.0;
t203 = alpha.*t104.*x8;
t204 = gamx.*m.*t20.*t26;
t205 = (t24.*x9)./2.0;
t206 = (t24.*x10)./2.0;
t207 = t15+t98;
t208 = t15+t100;
t209 = t10.*t14.*x7.*x8;
t210 = t7.*t16.*x7.*x9;
t211 = t11.*t14.*x7.*x8;
t212 = t7.*t18.*x7.*x9;
t217 = alpha.*t37.*t104;
t218 = t42.*t113.*x7;
t219 = t46.*t113.*x7;
t220 = t42.*t113.*x10;
t221 = t46.*t113.*x10;
t222 = t42.*t114.*x7;
t223 = t46.*t114.*x7;
t224 = t42.*t114.*x10;
t225 = t46.*t114.*x10;
t226 = m.*t29.*t104;
t231 = gamx.*m.*t22.*t26.*x7;
t232 = gamx.*m.*t22.*t26.*x8;
t233 = gamx.*m.*t22.*t26.*x9;
t234 = gamx.*m.*t22.*t26.*x10;
t238 = t63+t70;
t239 = t64+t67;
t240 = t65+t66;
t241 = m.*t26.*t161;
t242 = t161-1.0./2.0;
t245 = Vl.*Vs_bl.*t46.*x10.*-8.0;
t246 = Vl.*Vs_fl.*t46.*x10.*-8.0;
t251 = alpha.*t36.*t104.*x7;
t262 = (t24.*t40)./2.0;
t263 = (t24.*t44)./2.0;
t271 = (t24.*t38.*x8)./2.0;
t273 = (t24.*t41.*x8)./2.0;
t292 = Vl.*Vs_bl.*t36.*t40.*x7.*1.6e+1;
t293 = Vl.*Vs_bl.*t37.*t38.*x7.*1.6e+1;
t294 = Vl.*Vs_bl.*t36.*t40.*x10.*1.6e+1;
t295 = Vl.*Vs_bl.*t37.*t38.*x10.*1.6e+1;
t296 = Vl.*Vs_fl.*t36.*t40.*x7.*1.6e+1;
t297 = Vl.*Vs_fl.*t37.*t38.*x7.*1.6e+1;
t298 = Vl.*Vs_fl.*t36.*t40.*x10.*1.6e+1;
t299 = Vl.*Vs_fl.*t37.*t38.*x10.*1.6e+1;
t338 = t45+t48+t49+t50;
t131 = t31.*2.0;
t172 = Vl+t99;
t174 = Vl+t101;
t185 = alpha.*t31.*6.0;
t186 = h.*t132;
t187 = h.*t133;
t213 = t20.*t24.*t28;
t214 = t20.*t24.*t31;
t215 = t24.*t31.*6.0;
t216 = -t193;
t227 = alpha.*t26.*t30.*7.0;
t228 = gamx.*t193.*-2.0;
t229 = -t205;
t230 = -t206;
t235 = t24+t102+1.0;
t236 = t25.*t31.*-2.0;
t237 = -t203;
t243 = t21+t165;
t244 = t23+t166;
t247 = (t155.*x8.*x9)./2.0;
t248 = (t155.*x8.*x10)./2.0;
t249 = (t155.*x9.*x10)./2.0;
t250 = t205.*x8.*x10;
t252 = t43.*t113.*x7.*x8;
t253 = t39.*t113.*x7.*x9;
t254 = t43.*t113.*x8.*x10;
t255 = t39.*t113.*x9.*x10;
t256 = t43.*t114.*x7.*x8;
t257 = t39.*t114.*x7.*x9;
t258 = t43.*t114.*x8.*x10;
t259 = t39.*t114.*x9.*x10;
t260 = gamx.*t193.*x8.*-4.0;
t261 = gamx.*t193.*x10.*-4.0;
t264 = t63+t138;
t265 = t64+t136;
t266 = t65+t135;
t267 = t193.*(-1.0./2.0);
t268 = t103+t117+2.0;
t269 = (t38.*t155)./2.0;
t270 = (t41.*t155)./2.0;
t272 = t36.*t205;
t274 = t36.*t206;
t275 = t41.*t205;
t276 = t38.*t206;
t277 = t24.*t27.*t29.*7.0;
t278 = t25.*t26.*t30.*7.0;
t279 = t25.*t27.*t29.*7.0;
t280 = gamy.*t226.*2.0;
t281 = Vl.*Vs_bl.*t39.*x9.*x10.*-8.0;
t282 = Vl.*Vs_fl.*t39.*x9.*x10.*-8.0;
t283 = (t167.*x8)./2.0;
t284 = Vl.*t39.*t175.*4.0;
t285 = Vl.*t43.*t175.*4.0;
t286 = Vl.*t39.*t177.*4.0;
t287 = Vl.*t43.*t177.*4.0;
t288 = Vs_bl.*t39.*t176.*4.0;
t289 = Vs_bl.*t43.*t176.*4.0;
t290 = Vs_fl.*t39.*t178.*4.0;
t291 = Vs_fl.*t43.*t178.*4.0;
t300 = gamy.*t226.*x7.*4.0;
t301 = gamy.*t226.*x8.*4.0;
t302 = gamy.*t226.*x9.*4.0;
t303 = gamy.*t226.*x10.*4.0;
t304 = t161.*t164.*x9;
t305 = Vl.*t37.*t151.*x7.*4.0;
t306 = Vs_bl.*t40.*t150.*x7.*4.0;
t307 = Vl.*t37.*t151.*x10.*4.0;
t308 = Vl.*t37.*t152.*x7.*4.0;
t309 = Vs_bl.*t40.*t150.*x10.*4.0;
t310 = Vs_fl.*t40.*t150.*x7.*4.0;
t311 = Vl.*t37.*t152.*x10.*4.0;
t312 = Vs_fl.*t40.*t150.*x10.*4.0;
t314 = t24.*t26.*t30.*1.4e+1;
t320 = Vl.*t36.*t151.*x7.*x9.*4.0;
t321 = Vs_bl.*t38.*t150.*x7.*x8.*4.0;
t322 = Vl.*t36.*t152.*x7.*x9.*4.0;
t323 = Vs_fl.*t38.*t150.*x7.*x8.*4.0;
t324 = -t294;
t325 = -t298;
t326 = (t37.*t167)./2.0;
t327 = alpha.*t164.*x9.*(-1.0./2.0);
t330 = t44.*t171.*x3.*x8.*4.0;
t332 = t44.*t171.*x3.*x9.*4.0;
t335 = t44.*t173.*x3.*x8.*4.0;
t337 = t44.*t173.*x3.*x9.*4.0;
t340 = t132+t133-1.0;
t343 = t41.*t171.*x3.*x7.*x8.*4.0;
t344 = t41.*t171.*x3.*x7.*x9.*4.0;
t347 = t41.*t173.*x3.*x7.*x8.*4.0;
t348 = t41.*t173.*x3.*x7.*x9.*4.0;
t354 = t40.*t161.*t164;
t355 = t55+t60+t120;
t356 = t55+t58+t124;
t357 = t56+t62+t120;
t358 = t56+t58+t127;
t359 = (t36.*t167.*x7)./2.0;
t364 = t38.*t161.*t164.*x7;
t366 = m.*t29.*t242;
t369 = t65.*t171.*t175;
t370 = t66.*t171.*t175;
t371 = t65.*t171.*t176;
t372 = t66.*t171.*t176;
t373 = t65.*t173.*t177;
t374 = t66.*t173.*t177;
t375 = t65.*t173.*t178;
t376 = t66.*t173.*t178;
t377 = t132.*t150.*t175;
t378 = t133.*t150.*t175;
t379 = t132.*t150.*t177;
t380 = t133.*t150.*t177;
t381 = t132.*t151.*t176;
t382 = t133.*t151.*t176;
t383 = t132.*t152.*t178;
t384 = t133.*t152.*t178;
t385 = t113+t121+t128;
