function dx = RSSeom_gyrBod(t,in2,in3,Vl,Vs,h,Wi,l0,m,k,b,gamx,gamy,rx,ry,alpha)
%RSSeom_gyrBod
%    DX = RSSeom_gyrBod(T,IN2,IN3,Vl,Vs,H,Wi,L0,M,K,B,GAMX,GAMY,RX,RY,ALPHA)

%    This function was generated by the Symbolic Math Toolbox version 9.0.
%    09-Sep-2023 13:27:34

F1 = in3(:,1);
F2 = in3(:,2);
x1 = in2(:,1);
x2 = in2(:,2);
x3 = in2(:,3);
x4 = in2(:,4);
x5 = in2(:,5);
x6 = in2(:,6);
x7 = in2(:,7);
x8 = in2(:,8);
x9 = in2(:,9);
x10 = in2(:,10);
x11 = in2(:,11);
x12 = in2(:,12);
x13 = in2(:,13);
x14 = in2(:,14);
t2 = F1.*x3;
t3 = F2.*x3;
t4 = Vl.*x1;
t5 = Vl+x3;
t6 = Vs.*x2;
t7 = Vs+x3;
t8 = x1.*x3;
t9 = x2.*x3;
t10 = Vl.*2.0;
t11 = Vl.*3.0;
t12 = Vs.*2.0;
t13 = Vs.*3.0;
t14 = alpha.*2.0;
t15 = alpha.*3.0;
t16 = alpha.*4.0;
t17 = alpha.*5.0;
t18 = alpha.^2;
t19 = alpha.^3;
t20 = rx.^2;
t23 = ry.^2;
t26 = x1.*2.0;
t27 = x2.*2.0;
t28 = x3.*2.0;
t29 = x7.^2;
t30 = x8.^2;
t31 = x8.^3;
t32 = x9.^2;
t34 = x9.^3;
t35 = x10.^2;
t36 = x8.^5;
t38 = x10.^3;
t39 = x11.^2;
t40 = x9.^5;
t42 = x12.^2;
t43 = x13.^2;
t44 = x14.^2;
t45 = F1.*Vl;
t46 = F2.*Vs;
t49 = Vl.*x3.*4.0;
t51 = Vs.*x3.*4.0;
t52 = x7.*x8.*2.0;
t53 = x7.*x9.*2.0;
t54 = x7.*x10.*2.0;
t55 = x8.*x9.*2.0;
t56 = x8.*x10.*2.0;
t57 = x7.*x12.*2.0;
t58 = x8.*x11.*2.0;
t59 = x9.*x10.*2.0;
t60 = x7.*x13.*2.0;
t61 = x9.*x11.*2.0;
t62 = x7.*x12.*4.0;
t63 = x7.*x14.*2.0;
t64 = x8.*x11.*4.0;
t65 = x8.*x13.*2.0;
t66 = x9.*x12.*2.0;
t67 = x10.*x11.*2.0;
t68 = x7.*x13.*4.0;
t69 = x8.*x14.*2.0;
t70 = x9.*x11.*4.0;
t71 = x10.*x12.*2.0;
t72 = x7.*x14.*4.0;
t73 = x8.*x13.*4.0;
t74 = x9.*x12.*4.0;
t75 = x9.*x14.*2.0;
t76 = x10.*x11.*4.0;
t77 = x10.*x13.*2.0;
t78 = x8.*x14.*4.0;
t79 = x10.*x12.*4.0;
t80 = x9.*x14.*4.0;
t81 = x10.*x13.*4.0;
t82 = -F2;
t83 = Wi.*x7.*x8;
t84 = Wi.*x7.*x10;
t85 = Wi.*x8.*x9;
t86 = Wi.*x9.*x10;
t87 = -Vs;
t91 = alpha-1.0;
t92 = 1.0./m;
t93 = -x1;
t95 = -x2;
t96 = -x3;
t97 = 1.0./x7;
t98 = Vl.*Vs.*8.0;
t103 = Vl.*x3.*-2.0;
t105 = Vl.*x3.*8.0;
t107 = Vs.*x3.*-2.0;
t109 = Vs.*x3.*8.0;
t134 = Wi./2.0;
t139 = alpha./2.0;
t161 = h.*x9.*x10.*-2.0;
t21 = t20.^2;
t22 = t20.^3;
t24 = t23.^2;
t25 = t23.^3;
t33 = t30.^2;
t37 = t32.^2;
t41 = t35.^2;
t47 = Vs.*t10;
t48 = t10.*x3;
t50 = t12.*x3;
t88 = -t13;
t89 = -t14;
t90 = -t16;
t94 = -t26;
t99 = -t2;
t100 = alpha.*t14;
t101 = alpha.*t15;
t102 = alpha.*t17;
t104 = -t49;
t106 = -t6;
t108 = -t51;
t111 = t30.*2.0;
t112 = t32.*2.0;
t113 = -t9;
t114 = -t55;
t115 = -t56;
t116 = -t58;
t117 = -t59;
t118 = -t61;
t119 = -t64;
t120 = -t66;
t121 = -t67;
t122 = -t69;
t123 = -t70;
t124 = -t73;
t125 = -t76;
t126 = -t77;
t127 = -t79;
t128 = -t80;
t129 = Vl+t5;
t130 = Vs+t7;
t131 = Wi.*t30;
t132 = Wi.*t35;
t133 = t18.*x7;
t135 = h.*t52;
t136 = h.*t53;
t137 = h.*t56;
t138 = h.*t59;
t140 = -t45;
t141 = t14-2.0;
t142 = t18.*-3.0;
t143 = t18.*-5.0;
t144 = t91.^2;
t145 = -t30;
t146 = -t32;
t147 = -t35;
t148 = Vl+t87;
t150 = F1+t93;
t151 = F2+t95;
t152 = t10.*t30;
t153 = t10.*t32;
t154 = t12.*t30;
t155 = t12.*t32;
t159 = -t84;
t160 = -t134;
t162 = alpha.*m.*t20;
t163 = Vl.*t30.*-2.0;
t164 = Vl.*t32.*-2.0;
t165 = Vs.*t30.*-2.0;
t166 = Vs.*t32.*-2.0;
t168 = h.*t30.*-2.0;
t169 = h.*t32.*-2.0;
t170 = alpha.*t91.*x8;
t171 = gamx.*m.*t14.*t20;
t172 = (t18.*x9)./2.0;
t173 = (t18.*x10)./2.0;
t174 = t11+t87;
t175 = t7.*t10.*x7.*x8;
t176 = t5.*t12.*x7.*x9;
t181 = alpha.*t31.*t91;
t182 = t36.*t98.*x7;
t183 = t40.*t98.*x7;
t184 = t36.*t98.*x10;
t185 = t40.*t98.*x10;
t186 = m.*t23.*t91;
t191 = gamx.*m.*t16.*t20.*x7;
t192 = gamx.*m.*t16.*t20.*x8;
t193 = gamx.*m.*t16.*t20.*x9;
t194 = gamx.*m.*t16.*t20.*x10;
t198 = t52+t59;
t199 = t53+t56;
t200 = t54+t55;
t201 = m.*t20.*t139;
t202 = t139-1.0./2.0;
t205 = Vl.*Vs.*t40.*x10.*-8.0;
t210 = alpha.*t30.*t91.*x7;
t217 = (t18.*t34)./2.0;
t218 = (t18.*t38)./2.0;
t226 = (t18.*t32.*x8)./2.0;
t228 = (t18.*t35.*x8)./2.0;
t242 = Vl.*Vs.*t30.*t34.*x7.*1.6e+1;
t243 = Vl.*Vs.*t31.*t32.*x7.*1.6e+1;
t244 = Vl.*Vs.*t30.*t34.*x10.*1.6e+1;
t245 = Vl.*Vs.*t31.*t32.*x10.*1.6e+1;
t270 = t39+t42+t43+t44;
t110 = t25.*2.0;
t149 = Vl+t88;
t156 = alpha.*t25.*6.0;
t157 = h.*t111;
t158 = h.*t112;
t177 = t14.*t18.*t22;
t178 = t14.*t18.*t25;
t179 = t18.*t25.*6.0;
t180 = -t162;
t187 = alpha.*t20.*t24.*7.0;
t188 = gamx.*t162.*-2.0;
t189 = -t172;
t190 = -t173;
t195 = t18+t89+1.0;
t196 = t19.*t25.*-2.0;
t197 = -t170;
t203 = t15+t142;
t204 = t17+t143;
t206 = (t133.*x8.*x9)./2.0;
t207 = (t133.*x8.*x10)./2.0;
t208 = (t133.*x9.*x10)./2.0;
t209 = t172.*x8.*x10;
t211 = t37.*t98.*x7.*x8;
t212 = t33.*t98.*x7.*x9;
t213 = t37.*t98.*x8.*x10;
t214 = t33.*t98.*x9.*x10;
t215 = gamx.*t162.*x8.*-4.0;
t216 = gamx.*t162.*x10.*-4.0;
t219 = t52+t117;
t220 = t53+t115;
t221 = t54+t114;
t222 = t162.*(-1.0./2.0);
t223 = t90+t100+2.0;
t224 = (t32.*t133)./2.0;
t225 = (t35.*t133)./2.0;
t227 = t30.*t172;
t229 = t30.*t173;
t230 = t35.*t172;
t231 = t32.*t173;
t232 = t18.*t21.*t23.*7.0;
t233 = t19.*t20.*t24.*7.0;
t234 = t19.*t21.*t23.*7.0;
t235 = gamy.*t186.*2.0;
t236 = Vl.*Vs.*t33.*x9.*x10.*-8.0;
t237 = (t144.*x8)./2.0;
t238 = Vl.*t33.*t150.*4.0;
t239 = Vl.*t37.*t150.*4.0;
t240 = Vs.*t33.*t151.*4.0;
t241 = Vs.*t37.*t151.*4.0;
t246 = gamy.*t186.*x7.*4.0;
t247 = gamy.*t186.*x8.*4.0;
t248 = gamy.*t186.*x9.*4.0;
t249 = gamy.*t186.*x10.*4.0;
t250 = t139.*t141.*x9;
t251 = Vl.*t31.*t130.*x7.*4.0;
t252 = Vs.*t34.*t129.*x7.*4.0;
t253 = Vl.*t31.*t130.*x10.*4.0;
t254 = Vs.*t34.*t129.*x10.*4.0;
t256 = t18.*t20.*t24.*1.4e+1;
t260 = Vl.*t30.*t130.*x7.*x9.*4.0;
t261 = Vs.*t32.*t129.*x7.*x8.*4.0;
t262 = -t244;
t263 = (t31.*t144)./2.0;
t264 = alpha.*t141.*x9.*(-1.0./2.0);
t267 = t38.*t148.*x3.*x8.*4.0;
t269 = t38.*t148.*x3.*x9.*4.0;
t272 = t111+t112-1.0;
t275 = t35.*t148.*x3.*x7.*x8.*4.0;
t276 = t35.*t148.*x3.*x7.*x9.*4.0;
t280 = t34.*t139.*t141;
t281 = t47+t51+t103;
t282 = t47+t49+t107;
t283 = (t30.*t144.*x7)./2.0;
t287 = t32.*t139.*t141.*x7;
t289 = m.*t23.*t202;
t292 = t54.*t148.*t150;
t293 = t55.*t148.*t150;
t294 = t54.*t148.*t151;
t295 = t55.*t148.*t151;
t296 = t111.*t129.*t150;
t297 = t112.*t129.*t150;
t298 = t111.*t130.*t151;
t299 = t112.*t130.*t151;
t300 = t98+t104+t109;
t301 = t98+t105+t108;
t304 = t35.*t148.*t150.*4.0;
t305 = t35.*t148.*t151.*4.0;
t306 = t41.*t148.*t150.*4.0;
t307 = t41.*t148.*t151.*4.0;
t308 = t148.*t151.*x7.*x10.*-2.0;
t309 = t30.*t130.*t151.*-2.0;
t310 = t32.*t130.*t151.*-2.0;
t311 = t5+t163+t164;
t312 = t7+t165+t166;
t316 = t38.*t148.*t150.*x7.*4.0;
t317 = t34.*t148.*t150.*x8.*4.0;
t318 = t38.*t148.*t151.*x7.*4.0;
t319 = t31.*t148.*t151.*x9.*4.0;
t320 = t32.*t148.*t150.*x7.*x10.*4.0;
t321 = t30.*t148.*t151.*x7.*x10.*4.0;
t325 = t29+t35+t145+t146;
t326 = t29+t32+t145+t147;
t327 = t29+t30+t146+t147;
t331 = t31.*t148.*t150.*x9.*8.0;
t332 = t34.*t148.*t151.*x8.*8.0;
t333 = t36.*t148.*t150.*x9.*8.0;
t334 = t40.*t148.*t151.*x8.*8.0;
t335 = t57+t75+t116+t126;
t336 = t60+t71+t118+t122;
t337 = t63+t65+t120+t121;
t338 = t62+t81+t119+t128;
t339 = t68+t78+t123+t127;
t340 = t72+t74+t124+t125;
t341 = (-t5+t152+t153).^2;
t342 = (-t7+t154+t155).^2;
t344 = t35.*t148.*t150.*x8.*x9.*-4.0;
t345 = t30.*t148.*t150.*x7.*x10.*8.0;
t346 = t35.*t148.*t151.*x8.*x9.*-4.0;
t347 = t33.*t148.*t150.*x7.*x10.*8.0;
t348 = t32.*t148.*t151.*x7.*x10.*8.0;
t349 = t37.*t148.*t151.*x7.*x10.*8.0;
t356 = t85+t136+t137+t159;
t358 = t30.*t37.*t148.*t150.*8.0;
t359 = t31.*t34.*t148.*t150.*8.0;
t360 = t32.*t33.*t148.*t150.*8.0;
t361 = t30.*t41.*t148.*t150.*8.0;
t362 = t33.*t35.*t148.*t150.*8.0;
t363 = t30.*t37.*t148.*t151.*8.0;
t364 = t31.*t34.*t148.*t151.*8.0;
t365 = t32.*t41.*t148.*t150.*8.0;
t366 = t32.*t33.*t148.*t151.*8.0;
t367 = t35.*t37.*t148.*t150.*8.0;
t368 = t30.*t35.*t148.*t150.*1.2e+1;
t369 = t30.*t41.*t148.*t151.*8.0;
t370 = t33.*t35.*t148.*t151.*8.0;
t371 = t32.*t35.*t148.*t150.*1.2e+1;
t372 = t32.*t41.*t148.*t151.*8.0;
t373 = t35.*t37.*t148.*t151.*8.0;
t374 = t30.*t35.*t148.*t151.*1.2e+1;
t375 = t32.*t35.*t148.*t151.*1.2e+1;
t376 = t30.*t32.*t150.*(Vs-t11).*-4.0;
t377 = t30.*t38.*t148.*t150.*x7.*8.0;
t378 = t32.*t38.*t148.*t150.*x7.*8.0;
t379 = t30.*t38.*t148.*t151.*x7.*8.0;
t380 = t34.*t35.*t148.*t150.*x8.*8.0;
