function H_xx = Pend3DModel_Hxx(t,in2,in3)
%Pend3DModel_Hxx
%    H_xx = Pend3DModel_Hxx(T,IN2,IN3)

%    This function was generated by the Symbolic Math Toolbox version 9.0.
%    08-Sep-2023 17:07:43

nu1 = in3(:,1);
nu2 = in3(:,2);
nu3 = in3(:,3);
x1 = in2(:,1);
x2 = in2(:,2);
x3 = in2(:,3);
x4 = in2(:,4);
x5 = in2(:,5);
x6 = in2(:,6);
x7 = in2(:,7);
x8 = in2(:,8);
t2 = x1.^2;
t3 = x2.^2;
t4 = x2.^3;
t5 = x3.^2;
t6 = x3.^3;
t7 = x4.^2;
t8 = x4.^3;
t9 = x5.^2;
t10 = x6.^2;
t11 = x7.^2;
t12 = x8.^2;
t13 = nu1.*6.0e+1;
t14 = nu2.*6.0e+1;
t15 = 1.0./x1;
t18 = x1.*x2.*8.0;
t19 = x1.*x3.*8.0;
t20 = x1.*x5.*8.0;
t21 = x2.*x4.*8.0;
t22 = x1.*x6.*8.0;
t23 = x2.*x5.*8.0;
t24 = x3.*x4.*8.0;
t25 = x1.*x7.*8.0;
t26 = x2.*x6.*8.0;
t27 = x3.*x5.*8.0;
t28 = x1.*x8.*8.0;
t29 = x2.*x7.*8.0;
t30 = x3.*x6.*8.0;
t31 = x4.*x5.*8.0;
t32 = x2.*x8.*8.0;
t33 = x3.*x7.*8.0;
t34 = x4.*x6.*8.0;
t35 = x3.*x8.*8.0;
t36 = x4.*x7.*8.0;
t37 = x5.*x6.*8.0;
t38 = x4.*x8.*8.0;
t39 = x5.*x7.*8.0;
t40 = x6.*x8.*8.0;
t41 = x1.*x6.*1.6e+1;
t42 = x2.*x5.*1.6e+1;
t43 = x7.*x8.*8.0;
t44 = x1.*x7.*1.6e+1;
t45 = x3.*x5.*1.6e+1;
t46 = x2.*x8.*1.6e+1;
t47 = x4.*x6.*1.6e+1;
t48 = x3.*x8.*1.6e+1;
t49 = x4.*x7.*1.6e+1;
t50 = nu1.*1.2e+2;
t51 = nu2.*1.2e+2;
t52 = nu3.*1.2e+2;
t53 = x1.*7.2e+1;
t54 = x2.*7.2e+1;
t55 = x3.*7.2e+1;
t56 = x4.*7.2e+1;
t57 = x5.*7.2e+1;
t58 = x6.*7.2e+1;
t59 = x7.*7.2e+1;
t60 = x8.*7.2e+1;
t61 = x2.*1.44e+2;
t62 = x3.*1.44e+2;
t63 = x4.*1.44e+2;
t64 = x6.*1.44e+2;
t65 = x7.*1.44e+2;
t66 = x1.*4.0e+2;
t67 = x5.*4.0e+2;
t68 = x6.*4.0e+2;
t80 = nu1.*x2.*2.4e+2;
t81 = nu1.*x3.*2.4e+2;
t82 = nu1.*x4.*2.4e+2;
t83 = nu2.*x4.*2.4e+2;
t125 = x2.*8.0e+2;
t126 = x5.*8.0e+2;
t127 = x6.*8.0e+2;
t128 = x3.*2.8e+3;
t129 = x5.*2.8e+3;
t130 = x6.*2.8e+3;
t131 = x7.*2.8e+3;
t132 = x8.*2.8e+3;
t133 = x1.*3.2e+3;
t134 = x7.*3.2e+3;
t135 = x8.*3.2e+3;
t136 = x4.*3.6e+3;
t137 = x5.*3.6e+3;
t138 = x6.*3.6e+3;
t139 = x7.*3.6e+3;
t140 = x8.*3.6e+3;
t141 = x1.*4.0e+3;
t142 = x5.*4.0e+3;
t143 = x6.*4.0e+3;
t144 = x7.*4.0e+3;
t145 = x8.*4.0e+3;
t146 = x2.*6.4e+3;
t147 = x7.*6.4e+3;
t148 = x8.*6.4e+3;
t149 = x2.*8.0e+3;
t150 = x3.*8.0e+3;
t151 = x5.*8.0e+3;
t152 = x6.*8.0e+3;
t153 = x7.*8.0e+3;
t154 = x8.*8.0e+3;
t170 = nu1.*x3.*-1.2e+2;
t172 = x1.*x2.*-7.2e+1;
t173 = x1.*x7.*-7.2e+1;
t174 = x1.*x8.*-7.2e+1;
t175 = x1.*x5.*-4.0e+2;
t176 = x1.*x6.*-4.0e+2;
t177 = x5.*x6.*-4.0e+2;
t266 = x2.*x6.*-8.0e+2;
t267 = x3.*x5.*-2.8e+3;
t268 = x3.*x6.*-2.8e+3;
t269 = x3.*x8.*-2.8e+3;
t270 = x5.*x8.*-2.8e+3;
t271 = x6.*x7.*-2.8e+3;
t272 = x1.*x8.*-3.2e+3;
t273 = x4.*x6.*-3.6e+3;
t274 = x4.*x7.*-3.6e+3;
t275 = x5.*x6.*-3.6e+3;
t276 = x4.*x8.*-3.6e+3;
t277 = x5.*x7.*-3.6e+3;
t278 = x6.*x8.*-3.6e+3;
t279 = x1.*x5.*-4.0e+3;
t280 = x1.*x7.*-4.0e+3;
t281 = x5.*x7.*-4.0e+3;
t282 = x7.*x8.*-6.4e+3;
t283 = x2.*x5.*-8.0e+3;
t284 = x2.*x6.*-8.0e+3;
t285 = x2.*x7.*-8.0e+3;
t286 = x2.*x8.*-8.0e+3;
t287 = x3.*x7.*-8.0e+3;
t288 = x3.*x8.*-8.0e+3;
t289 = x5.*x7.*-8.0e+3;
t290 = x5.*x8.*-8.0e+3;
t291 = x6.*x7.*-8.0e+3;
t292 = x6.*x8.*-8.0e+3;
t296 = nu2.*x1.*x4.*-2.4e+2;
t297 = x1.*x3.*x4.*8.0e+2;
t298 = x1.*x3.*x7.*8.0e+2;
t299 = x1.*x3.*x8.*8.0e+2;
t300 = x1.*x4.*x7.*8.0e+2;
t301 = x1.*x4.*x8.*8.0e+2;
t302 = x3.*x4.*x7.*8.0e+2;
t303 = x3.*x4.*x8.*8.0e+2;
t304 = x1.*x2.*x5.*1.6e+3;
t305 = x1.*x2.*x6.*1.6e+3;
t306 = x2.*x3.*x5.*1.6e+3;
t307 = x2.*x3.*x6.*1.6e+3;
t308 = x2.*x4.*x5.*1.6e+3;
t309 = x2.*x4.*x6.*1.6e+3;
t310 = x1.*x2.*x4.*2.8e+3;
t323 = x1.*x2.*x3.*3.6e+3;
t336 = x1.*x3.*x5.*5.6e+3;
t337 = x1.*x3.*x6.*5.6e+3;
t338 = x2.*x3.*x5.*5.6e+3;
t339 = x1.*x3.*x7.*5.6e+3;
t340 = x2.*x3.*x6.*5.6e+3;
t341 = x1.*x3.*x8.*5.6e+3;
t342 = x2.*x3.*x7.*5.6e+3;
t343 = x3.*x4.*x5.*5.6e+3;
t344 = x2.*x3.*x8.*5.6e+3;
t345 = x3.*x4.*x6.*5.6e+3;
t346 = x3.*x4.*x7.*5.6e+3;
t347 = x3.*x4.*x8.*5.6e+3;
t348 = x1.*x3.*x4.*6.4e+3;
t349 = x1.*x3.*x5.*6.4e+3;
t350 = x1.*x3.*x6.*6.4e+3;
t351 = x1.*x4.*x5.*6.4e+3;
t352 = x1.*x4.*x6.*6.4e+3;
t353 = x3.*x4.*x5.*6.4e+3;
t354 = x3.*x4.*x6.*6.4e+3;
t355 = x1.*x4.*x5.*7.2e+3;
t356 = x1.*x4.*x6.*7.2e+3;
t357 = x2.*x4.*x5.*7.2e+3;
t358 = x1.*x4.*x7.*7.2e+3;
t359 = x2.*x4.*x6.*7.2e+3;
t360 = x3.*x4.*x5.*7.2e+3;
t361 = x1.*x4.*x8.*7.2e+3;
t362 = x2.*x4.*x7.*7.2e+3;
t363 = x3.*x4.*x6.*7.2e+3;
t364 = x2.*x4.*x8.*7.2e+3;
t365 = x3.*x4.*x7.*7.2e+3;
t366 = x3.*x4.*x8.*7.2e+3;
t507 = x1.*x2.*x5.*-2.8e+3;
t508 = x1.*x2.*x6.*-2.8e+3;
t509 = x1.*x2.*x8.*-2.8e+3;
t510 = x2.*x4.*x5.*-2.8e+3;
t511 = x2.*x4.*x6.*-2.8e+3;
t512 = x1.*x4.*x8.*-2.8e+3;
t513 = x2.*x4.*x8.*-2.8e+3;
t514 = x1.*x2.*x5.*-3.6e+3;
t515 = x1.*x3.*x6.*-3.6e+3;
t516 = x2.*x3.*x5.*-3.6e+3;
t531 = x1.*x2.*x4.*-8.0e+3;
t534 = x1.*x4.*x7.*-8.0e+3;
t535 = x3.*x4.*x5.*-8.0e+3;
t537 = x1.*x2.*x7.*1.28e+4;
t538 = x1.*x2.*x8.*1.28e+4;
t539 = x2.*x3.*x7.*1.28e+4;
t540 = x2.*x3.*x8.*1.28e+4;
t541 = x2.*x4.*x7.*1.28e+4;
t542 = x2.*x4.*x8.*1.28e+4;
t543 = x1.*x2.*x5.*1.6e+4;
t544 = x1.*x2.*x6.*1.6e+4;
t545 = x1.*x3.*x5.*1.6e+4;
t546 = x1.*x2.*x7.*1.6e+4;
t547 = x1.*x3.*x6.*1.6e+4;
t548 = x2.*x3.*x5.*1.6e+4;
t549 = x1.*x2.*x8.*1.6e+4;
t550 = x1.*x3.*x7.*1.6e+4;
t551 = x2.*x3.*x6.*1.6e+4;
t552 = x2.*x4.*x5.*1.6e+4;
t553 = x1.*x3.*x8.*1.6e+4;
t554 = x2.*x3.*x7.*1.6e+4;
t555 = x2.*x4.*x6.*1.6e+4;
t556 = x3.*x4.*x5.*1.6e+4;
t557 = x2.*x3.*x8.*1.6e+4;
t558 = x2.*x4.*x7.*1.6e+4;
t559 = x3.*x4.*x6.*1.6e+4;
t560 = x2.*x4.*x8.*1.6e+4;
t561 = x3.*x4.*x7.*1.6e+4;
t562 = x3.*x4.*x8.*1.6e+4;
t627 = x1.*x3.*x4.*x6.*-6.4e+3;
t16 = 1.0./t2;
t17 = t15.^3;
t69 = t2.*8.0;
t70 = t3.*8.0;
t71 = t5.*8.0;
t72 = t7.*8.0;
t73 = t9.*8.0;
t74 = t10.*8.0;
t75 = t11.*8.0;
t76 = t12.*8.0;
t77 = t50.*x1;
t78 = t50.*x2;
t79 = t50.*x3;
t84 = -t18;
t85 = -t24;
t86 = -t25;
t87 = -t27;
t88 = -t28;
t89 = -t29;
t90 = -t30;
t91 = -t31;
t92 = -t32;
t93 = -t34;
t94 = -t37;
t95 = -t41;
t96 = -t42;
t97 = -t43;
t98 = -t44;
t99 = -t45;
t100 = -t46;
t101 = -t47;
t102 = -t48;
t103 = -t49;
t104 = t53.*x2;
t105 = t53.*x3;
t106 = t53.*x4;
t107 = t53.*x5;
t108 = t53.*x6;
t109 = t53.*x7;
t110 = t53.*x8;
t111 = t61.*x6;
t112 = t61.*x7;
t113 = t62.*x6;
t114 = t62.*x7;
t115 = t63.*x6;
t116 = t63.*x7;
t117 = t66.*x5;
t118 = t66.*x6;
t119 = t67.*x6;
t120 = -t50;
t121 = -t51;
t122 = -t52;
t123 = -t67;
t124 = -t68;
t163 = t3.*7.2e+1;
t164 = t5.*7.2e+1;
t165 = t7.*7.2e+1;
t166 = t9.*4.0e+2;
t167 = t10.*4.0e+2;
t168 = t11.*4.0e+2;
t169 = t12.*4.0e+2;
t171 = -t83;
t178 = t125.*x5;
t179 = t125.*x6;
t180 = t126.*x6;
t181 = t128.*x5;
t182 = t128.*x6;
t183 = t128.*x7;
t184 = t128.*x8;
t185 = t129.*x6;
t186 = t129.*x8;
t187 = t130.*x7;
t188 = t131.*x8;
t189 = t133.*x7;
t190 = t133.*x8;
t191 = t134.*x8;
t192 = t136.*x5;
t193 = t136.*x6;
t194 = t136.*x7;
t195 = t137.*x6;
t196 = t136.*x8;
t197 = t137.*x7;
t198 = t138.*x8;
t199 = t139.*x8;
t200 = t141.*x5;
t201 = t141.*x6;
t202 = t141.*x7;
t203 = t141.*x8;
t204 = t142.*x7;
t205 = t143.*x8;
t206 = t146.*x7;
t207 = t146.*x8;
t208 = t147.*x8;
t209 = t149.*x5;
t210 = t149.*x6;
t211 = t150.*x5;
t212 = t149.*x7;
t213 = t150.*x6;
t214 = t149.*x8;
t215 = t150.*x7;
t216 = t150.*x8;
t217 = t151.*x7;
t218 = t151.*x8;
t219 = t152.*x7;
t220 = t152.*x8;
t223 = t80.*x4;
t224 = t83.*x1;
t225 = t81.*x4;
t226 = -t125;
t227 = -t127;
t228 = -t128;
t229 = -t129;
t230 = -t130;
t231 = -t132;
t232 = -t133;
t233 = -t135;
t234 = -t136;
t235 = -t138;
t236 = -t139;
t237 = -t140;
t238 = -t141;
t239 = -t142;
t240 = -t143;
t241 = -t144;
t242 = -t146;
t243 = -t147;
t244 = -t148;
t245 = -t149;
t246 = -t150;
t247 = -t152;
t248 = -t153;
t249 = -t154;
t252 = t4.*8.0e+2;
t253 = t6.*2.8e+3;
t254 = t9.*3.2e+3;
t255 = t10.*3.2e+3;
t256 = t11.*3.2e+3;
t257 = t12.*3.2e+3;
t258 = t8.*3.6e+3;
t259 = t9.*4.0e+3;
t260 = t10.*4.0e+3;
t261 = t11.*4.0e+3;
t262 = t12.*4.0e+3;
t263 = t4.*6.4e+3;
t264 = t4.*8.0e+3;
t265 = t6.*8.0e+3;
t293 = t3.*t50;
t294 = t5.*t50;
t295 = nu1.*t7.*3.6e+2;
t311 = t129.*x1.*x2;
t312 = t130.*x1.*x2;
t313 = t131.*x1.*x2;
t314 = t129.*x1.*x4;
t315 = t132.*x1.*x2;
t316 = t130.*x1.*x4;
t317 = t129.*x2.*x4;
t318 = t131.*x1.*x4;
t319 = t130.*x2.*x4;
t320 = t132.*x1.*x4;
t321 = t131.*x2.*x4;
t322 = t132.*x2.*x4;
