function y = Pend3DModel_meas(t,in2,in3)
%Pend3DModel_meas
%    Y = Pend3DModel_meas(T,IN2,IN3)

%    This function was generated by the Symbolic Math Toolbox version 9.0.
%    08-Sep-2023 17:02:07

nu1 = in3(:,1);
nu2 = in3(:,2);
nu3 = in3(:,3);
x1 = in2(:,1);
x2 = in2(:,2);
x3 = in2(:,3);
x4 = in2(:,4);
x5 = in2(:,5);
x6 = in2(:,6);
x7 = in2(:,7);
x8 = in2(:,8);
t2 = x2.^2;
t3 = x2.^3;
t4 = x3.^2;
t5 = x3.^3;
t6 = x4.^2;
t7 = x4.^3;
t8 = x5.^2;
t9 = x6.^2;
t10 = x7.^2;
t11 = x8.^2;
t12 = x1.*x6.*2.0;
t13 = x2.*x5.*2.0;
t14 = x1.*x7.*2.0;
t15 = x3.*x5.*2.0;
t16 = x2.*x8.*2.0;
t17 = x4.*x6.*2.0;
t18 = x3.*x8.*2.0;
t19 = x4.*x7.*2.0;
t20 = 1.0./x1;
t25 = nu1.*1.2e+2;
t26 = nu2.*1.2e+2;
t27 = nu3.*1.2e+2;
t32 = x5.*x8.*2.8e+3;
t33 = x6.*x7.*2.8e+3;
t34 = x5.*x7.*3.6e+3;
t35 = x6.*x8.*3.6e+3;
t36 = x5.*x7.*8.0e+3;
t37 = x5.*x8.*8.0e+3;
t38 = x6.*x7.*8.0e+3;
t39 = x6.*x8.*8.0e+3;
t21 = -t13;
t22 = -t15;
t23 = -t17;
t24 = -t18;
t28 = -t26;
t29 = -t27;
t30 = t8.*4.0e+2;
t31 = t9.*4.0e+2;
t41 = t10.*3.2e+3;
t42 = t11.*3.2e+3;
t43 = t8.*4.0e+3;
t44 = t9.*4.0e+3;
t45 = t10.*4.0e+3;
t46 = t11.*4.0e+3;
t47 = -t33;
t40 = -t31;
t48 = -t41;
t49 = -t45;
t50 = -t46;
t51 = t12+t19+t21+t24;
t52 = t14+t16+t22+t23;
t53 = t27+t32+t47;
t54 = t28+t34+t35;
t55 = t29+t37+t38;
t56 = t30+t40+t42+t48+2.943e+3;
t57 = t43+t44+t49+t50+2.943e+3;
et1 = x6.*-7.2e+1+t5.*t53-t3.*t56+t7.*t54+t2.*x6.*7.2e+1+t4.*x6.*7.2e+1+t6.*x6.*7.2e+1-t53.*x3-t54.*x4+t56.*x2+x1.*(nu1.*6.0e+1-x5.*x6.*4.0e+2+x7.*x8.*3.2e+3)+t2.*x1.*(x5.*x6.*8.0e+2-x7.*x8.*6.4e+3)-t4.*x1.*(t25+x5.*x6.*2.8e+3+x7.*x8.*2.8e+3)-t6.*x1.*(t25-x5.*x6.*3.6e+3+x7.*x8.*3.6e+3)+t2.*t53.*x3+t2.*t54.*x4+t4.*t54.*x4-t4.*t56.*x2+t6.*t53.*x3-t6.*t56.*x2+x1.*x2.*x5.*7.2e+1+x1.*x3.*x8.*7.2e+1-x1.*x4.*x7.*7.2e+1;
et2 = x1.*x3.*x4.*(t8.*3.2e+3-t9.*3.2e+3-t10.*4.0e+2+t11.*4.0e+2+2.943e+3)+x1.*x2.*x3.*(t26+t34+t35)+x1.*x2.*x4.*(t27-t32+t33);
mt1 = [(t20.*(x7.*-7.2e+1-nu1.*x4.*1.2e+2+t7.*t25+t3.*t55-t5.*t57+t2.*x7.*7.2e+1+t4.*x7.*7.2e+1+t6.*x7.*7.2e+1-t55.*x2+t57.*x3+x1.*(nu2.*6.0e+1-x5.*x7.*4.0e+3+x6.*x8.*4.0e+3)-t2.*x1.*(t26-t36+t39)-nu2.*t6.*x1.*1.2e+2+t2.*t25.*x4+t4.*t25.*x4+t4.*t55.*x2-t2.*t57.*x3+t6.*t55.*x2-t6.*t57.*x3+x1.*x3.*x5.*7.2e+1-x1.*x2.*x8.*7.2e+1+x1.*x4.*x6.*7.2e+1+t4.*x1.*(t36-t39)+t25.*x1.*x2.*x3+x1.*x3.*x4.*(t27+t37+t38)-x1.*x2.*x4.*(-t43-t44+t45+t46+2.943e+3)))./1.0e+3];
mt2 = [t20.*(et1+et2).*(-1.0./1.0e+2);-t51.^2-t52.^2;t51;t52;x1.*x8.*2.0-x2.*x7.*2.0+x3.*x6.*2.0-x4.*x5.*2.0];
y = [mt1;mt2];
