function C = Pend3DModel_C(t,in2,in3)
%Pend3DModel_C
%    C = Pend3DModel_C(T,IN2,IN3)

%    This function was generated by the Symbolic Math Toolbox version 9.0.
%    08-Sep-2023 17:02:19

nu1 = in3(:,1);
nu2 = in3(:,2);
nu3 = in3(:,3);
x1 = in2(:,1);
x2 = in2(:,2);
x3 = in2(:,3);
x4 = in2(:,4);
x5 = in2(:,5);
x6 = in2(:,6);
x7 = in2(:,7);
x8 = in2(:,8);
t2 = x1.*2.0;
t3 = x2.*2.0;
t4 = x3.*2.0;
t5 = x4.*2.0;
t6 = x5.*2.0;
t7 = x6.*2.0;
t8 = x7.*2.0;
t9 = x8.*2.0;
t10 = x2.^2;
t11 = x2.^3;
t12 = x3.^2;
t13 = x3.^3;
t14 = x4.^2;
t15 = x4.^3;
t16 = x5.^2;
t17 = x6.^2;
t18 = x7.^2;
t19 = x8.^2;
t28 = nu1.*6.0e+1;
t29 = nu2.*6.0e+1;
t34 = 1.0./x1;
t36 = x2.*x5.*-2.0;
t37 = x3.*x5.*-2.0;
t38 = x4.*x6.*-2.0;
t39 = x3.*x8.*-2.0;
t40 = nu1.*1.2e+2;
t41 = nu2.*1.2e+2;
t42 = nu3.*1.2e+2;
t43 = x1.*x2.*7.2e+1;
t44 = x1.*x3.*7.2e+1;
t45 = x1.*x4.*7.2e+1;
t46 = x1.*x5.*7.2e+1;
t47 = x1.*x8.*7.2e+1;
t48 = x5.*x6.*4.0e+2;
t59 = x5.*x6.*8.0e+2;
t60 = x5.*x6.*2.8e+3;
t61 = x5.*x8.*2.8e+3;
t62 = x6.*x7.*2.8e+3;
t63 = x7.*x8.*2.8e+3;
t64 = x7.*x8.*3.2e+3;
t65 = x5.*x6.*3.6e+3;
t66 = x5.*x7.*3.6e+3;
t67 = x6.*x8.*3.6e+3;
t68 = x7.*x8.*3.6e+3;
t69 = x5.*x7.*4.0e+3;
t70 = x6.*x8.*4.0e+3;
t71 = x7.*x8.*6.4e+3;
t72 = x5.*x7.*8.0e+3;
t73 = x5.*x8.*8.0e+3;
t74 = x6.*x7.*8.0e+3;
t75 = x6.*x8.*8.0e+3;
t20 = t2.*x6;
t21 = t3.*x5;
t22 = t2.*x7;
t23 = t4.*x5;
t24 = t3.*x8;
t25 = t5.*x6;
t26 = t4.*x8;
t27 = t5.*x7;
t30 = -t3;
t31 = -t4;
t32 = -t5;
t33 = -t6;
t35 = t34.^2;
t49 = -t41;
t50 = -t42;
t51 = t10.*7.2e+1;
t52 = t12.*7.2e+1;
t53 = t14.*7.2e+1;
t54 = t16.*4.0e+2;
t55 = t17.*4.0e+2;
t56 = t18.*4.0e+2;
t57 = t19.*4.0e+2;
t58 = -t48;
t78 = t16.*3.2e+3;
t79 = t17.*3.2e+3;
t80 = t18.*3.2e+3;
t81 = t19.*3.2e+3;
t82 = t16.*4.0e+3;
t83 = t17.*4.0e+3;
t84 = t18.*4.0e+3;
t85 = t19.*4.0e+3;
t86 = -t61;
t87 = -t62;
t88 = -t65;
t89 = -t69;
t90 = -t71;
t91 = -t72;
t92 = -t75;
t103 = t40+t60+t63;
t104 = t41+t66+t67;
t105 = t42+t73+t74;
t76 = -t55;
t77 = -t56;
t93 = -t79;
t94 = -t80;
t95 = -t82;
t96 = -t83;
t97 = -t84;
t98 = -t85;
t99 = t59+t90;
t100 = t72+t92;
t101 = t20+t27+t36+t39;
t102 = t22+t24+t37+t38;
t106 = t42+t62+t86;
t107 = t42+t61+t87;
t108 = t40+t68+t88;
t109 = t49+t66+t67;
t110 = t41+t75+t91;
t111 = t50+t73+t74;
t112 = t54+t76+t81+t94+2.943e+3;
t113 = t57+t77+t78+t93+2.943e+3;
t114 = t84+t85+t95+t96+2.943e+3;
t115 = t82+t83+t97+t98+2.943e+3;
mt1 = [(t34.*(t29+t70+t89-nu2.*t14.*1.2e+2+t12.*t100-t10.*t110+x3.*x5.*7.2e+1-x2.*x8.*7.2e+1+x4.*x6.*7.2e+1+t40.*x2.*x3+t105.*x3.*x4-t114.*x2.*x4))./1.0e+3-(t35.*(x7.*-7.2e+1-nu1.*x4.*1.2e+2+t15.*t40+t11.*t111-t13.*t115+t44.*x5+t45.*x6+t51.*x7+t52.*x7+t53.*x7-t111.*x2+t115.*x3+x1.*(t29+t70+t89)-nu2.*t14.*x1.*1.2e+2+t10.*t40.*x4+t12.*t40.*x4+t12.*t100.*x1-t10.*t110.*x1+t12.*t111.*x2+t14.*t111.*x2-t10.*t115.*x3-t14.*t115.*x3-x1.*x2.*x8.*7.2e+1+t40.*x1.*x2.*x3+t105.*x1.*x3.*x4-t114.*x1.*x2.*x4))./1.0e+3];
mt2 = [(t35.*(x6.*-7.2e+1+t13.*t107-t11.*t112+t15.*t109+t43.*x5+t44.*x8+t51.*x6+t52.*x6+t53.*x6-t107.*x3-t109.*x4+t112.*x2+x1.*(t28+t58+t64)+t10.*t99.*x1-t12.*t103.*x1+t10.*t107.*x3+t10.*t109.*x4-t14.*t108.*x1+t14.*t107.*x3+t12.*t109.*x4-t12.*t112.*x2-t14.*t112.*x2-x1.*x4.*x7.*7.2e+1+t104.*x1.*x2.*x3+t106.*x1.*x2.*x4+t113.*x1.*x3.*x4))./1.0e+2-(t34.*(t28+t58+t64+t10.*t99-t12.*t103-t14.*t108+x2.*x5.*7.2e+1+x3.*x8.*7.2e+1-x4.*x7.*7.2e+1+t104.*x2.*x3+t106.*x2.*x4+t113.*x3.*x4))./1.0e+2,t101.*x6.*-4.0-t102.*x7.*4.0,t7,t8,t9];
mt3 = [(t34.*(t42-t47-t73-t74+t10.*t111.*3.0+t12.*t111+t14.*t111+x2.*x7.*1.44e+2+nu1.*x2.*x4.*2.4e+2+t40.*x1.*x3-t110.*x1.*x2.*2.0-t114.*x1.*x4-t115.*x2.*x3.*2.0))./1.0e+3,t34.*(t46+t112-t10.*t112.*3.0-t12.*t112-t14.*t112+x2.*x6.*1.44e+2+t2.*t99.*x2+t3.*t107.*x3+t3.*t109.*x4+t104.*x1.*x3+t106.*x1.*x4).*(-1.0./1.0e+2),t101.*x5.*4.0-t102.*x8.*4.0,t33,t9,-t8,(t34.*(t46+t115-t10.*t115-t12.*t115.*3.0-t14.*t115+x3.*x7.*1.44e+2+nu1.*x3.*x4.*2.4e+2+t2.*t100.*x3+t3.*t111.*x3+t40.*x1.*x2+t105.*x1.*x4))./1.0e+3];
mt4 = [t34.*(t47+t50+t62+t86+t10.*t107+t12.*t107.*3.0+t14.*t107+x3.*x6.*1.44e+2+t4.*t109.*x4-t103.*x1.*x3.*2.0+t104.*x1.*x2-t112.*x2.*x3.*2.0+t113.*x1.*x4).*(-1.0./1.0e+2),t102.*x5.*4.0+t101.*x8.*4.0,-t9,t33,t7,(t34.*(-t40+nu1.*t14.*3.6e+2+t10.*t40+t12.*t40+x1.*x6.*7.2e+1+x4.*x7.*1.44e+2-nu2.*x1.*x4.*2.4e+2+t3.*t111.*x4+t105.*x1.*x3-t114.*x1.*x2-t115.*x3.*x4.*2.0))./1.0e+3,t34.*(t41-t66-t67+t10.*t109+t12.*t109+t14.*t109.*3.0-x1.*x7.*7.2e+1+x4.*x6.*1.44e+2+t4.*t107.*x4+t106.*x1.*x2-t108.*x1.*x4.*2.0+t113.*x1.*x3-t112.*x2.*x4.*2.0).*(-1.0./1.0e+2)];
mt5 = [t101.*x7.*-4.0+t102.*x6.*4.0,t8,-t7,t33,(t34.*(t44-t13.*x5.*8.0e+3+t11.*x8.*8.0e+3-x1.*x7.*4.0e+3+x3.*x5.*8.0e+3-x2.*x8.*8.0e+3+t10.*x1.*x7.*8.0e+3-t10.*x3.*x5.*8.0e+3+t12.*x1.*x7.*8.0e+3+t12.*x2.*x8.*8.0e+3-t14.*x3.*x5.*8.0e+3+t14.*x2.*x8.*8.0e+3+x1.*x2.*x4.*x5.*8.0e+3+x1.*x3.*x4.*x8.*8.0e+3))./1.0e+3];
mt6 = [t34.*(t43-t11.*x5.*8.0e+2+t13.*x8.*2.8e+3+t15.*x7.*3.6e+3-x1.*x6.*4.0e+2+x2.*x5.*8.0e+2-x3.*x8.*2.8e+3-x4.*x7.*3.6e+3+t10.*x1.*x6.*8.0e+2-t12.*x1.*x6.*2.8e+3-t12.*x2.*x5.*8.0e+2+t10.*x3.*x8.*2.8e+3+t10.*x4.*x7.*3.6e+3+t14.*x1.*x6.*3.6e+3-t14.*x2.*x5.*8.0e+2+t12.*x4.*x7.*3.6e+3+t14.*x3.*x8.*2.8e+3+x1.*x2.*x3.*x7.*3.6e+3+x1.*x3.*x4.*x5.*6.4e+3-x1.*x2.*x4.*x8.*2.8e+3).*(-1.0./1.0e+2),t101.*x2.*4.0+t102.*x3.*4.0,t30,t31,t32];
mt7 = [(t34.*(t45+t11.*x7.*8.0e+3-t13.*x6.*8.0e+3+x1.*x8.*4.0e+3-x2.*x7.*8.0e+3+x3.*x6.*8.0e+3-t10.*x1.*x8.*8.0e+3-t10.*x3.*x6.*8.0e+3-t12.*x1.*x8.*8.0e+3+t12.*x2.*x7.*8.0e+3+t14.*x2.*x7.*8.0e+3-t14.*x3.*x6.*8.0e+3+x1.*x2.*x4.*x6.*8.0e+3+x1.*x3.*x4.*x7.*8.0e+3))./1.0e+3];
mt8 = [t34.*(t51+t52+t53+t11.*x6.*8.0e+2-t13.*x7.*2.8e+3+t15.*x8.*3.6e+3-x1.*x5.*4.0e+2-x2.*x6.*8.0e+2+x3.*x7.*2.8e+3-x4.*x8.*3.6e+3+t10.*x1.*x5.*8.0e+2-t12.*x1.*x5.*2.8e+3-t10.*x3.*x7.*2.8e+3+t12.*x2.*x6.*8.0e+2+t14.*x1.*x5.*3.6e+3+t10.*x4.*x8.*3.6e+3+t14.*x2.*x6.*8.0e+2+t12.*x4.*x8.*3.6e+3-t14.*x3.*x7.*2.8e+3+x1.*x2.*x3.*x8.*3.6e+3+x1.*x2.*x4.*x7.*2.8e+3-x1.*x3.*x4.*x6.*6.4e+3-7.2e+1).*(-1.0./1.0e+2),t101.*x1.*-4.0+t102.*x4.*4.0,t2,t32,t4];
mt9 = [(t34.*(t51+t52+t53+t11.*x6.*8.0e+3+t13.*x7.*8.0e+3-x1.*x5.*4.0e+3-x2.*x6.*8.0e+3-x3.*x7.*8.0e+3+t10.*x1.*x5.*8.0e+3+t12.*x1.*x5.*8.0e+3+t10.*x3.*x7.*8.0e+3+t12.*x2.*x6.*8.0e+3+t14.*x2.*x6.*8.0e+3+t14.*x3.*x7.*8.0e+3-x1.*x2.*x4.*x7.*8.0e+3+x1.*x3.*x4.*x6.*8.0e+3-7.2e+1))./1.0e+3];
mt10 = [(t34.*(t45-t11.*x7.*6.4e+3+t13.*x6.*2.8e+3-t15.*x5.*3.6e+3-x1.*x8.*3.2e+3+x2.*x7.*6.4e+3-x3.*x6.*2.8e+3+x4.*x5.*3.6e+3+t10.*x1.*x8.*6.4e+3+t10.*x3.*x6.*2.8e+3-t10.*x4.*x5.*3.6e+3+t12.*x1.*x8.*2.8e+3-t12.*x2.*x7.*6.4e+3-t12.*x4.*x5.*3.6e+3+t14.*x1.*x8.*3.6e+3-t14.*x2.*x7.*6.4e+3+t14.*x3.*x6.*2.8e+3-x1.*x2.*x3.*x5.*3.6e+3-x1.*x2.*x4.*x6.*2.8e+3+x1.*x3.*x4.*x7.*8.0e+2))./1.0e+2,t102.*x1.*-4.0-t101.*x4.*4.0,t5,t2,t30];
mt11 = [(t34.*(-t43+t11.*x5.*8.0e+3+t13.*x8.*8.0e+3+x1.*x6.*4.0e+3-x2.*x5.*8.0e+3-x3.*x8.*8.0e+3-t10.*x1.*x6.*8.0e+3-t12.*x1.*x6.*8.0e+3+t12.*x2.*x5.*8.0e+3+t10.*x3.*x8.*8.0e+3+t14.*x2.*x5.*8.0e+3+t14.*x3.*x8.*8.0e+3+x1.*x3.*x4.*x5.*8.0e+3-x1.*x2.*x4.*x8.*8.0e+3))./1.0e+3];
mt12 = [t34.*(t44+t13.*x5.*2.8e+3-t11.*x8.*6.4e+3+t15.*x6.*3.6e+3+x1.*x7.*3.2e+3-x3.*x5.*2.8e+3+x2.*x8.*6.4e+3-x4.*x6.*3.6e+3-t10.*x1.*x7.*6.4e+3+t10.*x3.*x5.*2.8e+3+t10.*x4.*x6.*3.6e+3-t12.*x1.*x7.*2.8e+3-t12.*x2.*x8.*6.4e+3+t12.*x4.*x6.*3.6e+3-t14.*x1.*x7.*3.6e+3+t14.*x3.*x5.*2.8e+3-t14.*x2.*x8.*6.4e+3+x1.*x2.*x3.*x6.*3.6e+3-x1.*x2.*x4.*x5.*2.8e+3+x1.*x3.*x4.*x8.*8.0e+2).*(-1.0./1.0e+2),t101.*x3.*4.0-t102.*x2.*4.0,t31,t3,t2];
C = reshape([mt1,mt2,mt3,mt4,mt5,mt6,mt7,mt8,mt9,mt10,mt11,mt12],6,8);
