function B = Pend3DModel_B(t,in2,in3)
%Pend3DModel_B
%    B = Pend3DModel_B(T,IN2,IN3)

%    This function was generated by the Symbolic Math Toolbox version 9.0.
%    08-Sep-2023 15:49:56

x1 = in2(:,1);
x2 = in2(:,2);
x3 = in2(:,3);
x4 = in2(:,4);
t2 = x1.*x2;
t3 = x1.*x4;
t4 = x2.*x3;
t5 = x3.*x4;
t6 = x1.^2;
t7 = x1.^3;
t8 = x2.^2;
t9 = x2.^3;
t10 = x3.^2;
t12 = x3.^3;
t13 = x4.^2;
t14 = x2.^5;
t15 = x4.^3;
t17 = x4.^5;
t11 = t8.^2;
t16 = t13.^2;
t18 = -t4;
t19 = t2.*x2;
t20 = t2.*x1;
t21 = t3.*x4;
t22 = t4.*x3;
t23 = t3.*x1;
t24 = t13.*x2;
t25 = t8.*x4;
t26 = t5.*x3;
t27 = t4.*t9;
t28 = t5.*t15;
t29 = t2.*t15;
t32 = t6.*1.0e+1;
t33 = t8.*9.0;
t34 = t7.*1.0e+1;
t35 = t10.*1.0e+1;
t37 = t13.*9.0;
t38 = t14.*9.0;
t40 = t17.*9.0;
t41 = t2.*x3.*9.0;
t42 = t3.*x3.*9.0;
t48 = t2.*t9.*9.0;
t49 = t4.*x2.*9.0;
t51 = t3.*t15.*9.0;
t52 = t5.*x4.*9.0;
t56 = t2+t5;
t60 = t4.*t15.*9.0;
t63 = t2.^2.*x3;
t64 = t3.^2.*x3;
t66 = t2.^2.*9.0;
t69 = t3.^2.*9.0;
t70 = t4.^2.*9.0;
t74 = t5.^2.*9.0;
t76 = t8.*t13.*1.8e+1;
t77 = t8.*t15.*1.8e+1;
t78 = t9.*t13.*1.8e+1;
t93 = t2.*t3.*x3.*-9.0;
t30 = t2.*t25;
t31 = t3.*t20;
t36 = t11.*9.0;
t39 = t16.*9.0;
t43 = t4.*t22;
t44 = t5.*t26;
t45 = t2.*t26;
t46 = t20.*1.0e+1;
t47 = t35.*x1;
t50 = t23.*1.0e+1;
t55 = -t41;
t57 = -t29;
t61 = t5.*t22.*9.0;
t62 = t4.*t25.*9.0;
t65 = t4.*t24;
t67 = t2.*t19.*9.0;
t68 = t2.*t20.*9.0;
t71 = t3.*t21.*9.0;
t72 = t3.*t23.*9.0;
t73 = t4.*t49;
t75 = t5.*t52;
t79 = -t60;
t83 = t3.*t41;
t84 = t3+t18;
t85 = t2.*t22.*9.0;
t86 = t19.*t37;
t87 = t2.*t21.*9.0;
t88 = t66.*x4;
t89 = t3.*t26.*9.0;
t90 = t4.*t52;
t91 = t70.*x4;
t92 = t13.*t19.*1.8e+1;
t94 = t20+t22;
t95 = t23+t26;
t96 = t33+t37+1.0;
t97 = t49+t52+x3;
t53 = t39.*x2;
t54 = t36.*x4;
t58 = -t30;
t59 = -t31;
t80 = -t61;
t81 = -t62;
t82 = -t45;
t98 = t28+t29+t30+t31+t44+t45+t64+t65;
t100 = t8+t13+t32+t35+t36+t39+t66+t69+t70+t74+t76;
t102 = t19+t21+t34+t47+t48+t51+t68+t72+t85+t89+t92;
t106 = t19+t21+t34+t47+t48+t60+t61+t62+t68+t83+t85+t86;
t99 = t27+t43+t57+t58+t59+t63+t65+t82;
t101 = 1.0./t100;
t103 = t9+t22+t24+t38+t42+t46+t53+t67+t73+t78+t87+t90;
t104 = t15+t25+t26+t40+t50+t54+t55+t71+t75+t77+t88+t91;
t105 = 1.0./t102;
t107 = t19+t21+t34+t47+t51+t72+t79+t80+t81+t86+t89+t93;
mt1 = [0.0,0.0,0.0,0.0,t97.*t105.*x4.*1.5e-3-t103.*t105.*x1.*1.5e-3-t104.*t105.*x3.*1.5e-3,t95.*t105.*x4.*(-1.35e-2)+t98.*t105.*x3.*1.35e-2+t105.*t106.*x1.*1.5e-3,t56.*t101.*x3.*(-1.35e-2)+t84.*t101.*x1.*1.35e-2-t96.*t101.*x4.*1.5e-3,t94.*t105.*x4.*1.35e-2-t99.*t105.*x1.*1.35e-2+t105.*t107.*x3.*1.5e-3,0.0,0.0,0.0,0.0,t97.*t105.*x1.*(-1.5e-3)+t104.*t105.*x2.*1.5e-3-t103.*t105.*x4.*1.5e-3];
mt2 = [t95.*t105.*x1.*1.35e-2-t98.*t105.*x2.*1.35e-2+t105.*t106.*x4.*1.5e-3,t56.*t101.*x2.*1.35e-2+t84.*t101.*x4.*1.35e-2+t96.*t101.*x1.*1.5e-3,t94.*t105.*x1.*(-1.35e-2)-t99.*t105.*x4.*1.35e-2-t105.*t107.*x2.*1.5e-3,0.0,0.0,0.0,0.0,t97.*t105.*x2.*(-1.5e-3)-t104.*t105.*x1.*1.5e-3+t103.*t105.*x3.*1.5e-3,t95.*t105.*x2.*1.35e-2+t98.*t105.*x1.*1.35e-2-t105.*t106.*x3.*1.5e-3];
mt3 = [t56.*t101.*x1.*(-1.35e-2)-t84.*t101.*x3.*1.35e-2+t96.*t101.*x2.*1.5e-3,t94.*t105.*x2.*(-1.35e-2)+t99.*t105.*x3.*1.35e-2+t105.*t107.*x1.*1.5e-3];
B = reshape([mt1,mt2,mt3],8,3);
