function out1 = A_linearModel_UBsensor_LSS_4_13(t,in2,in3)
%A_linearModel_UBsensor_LSS_4_13
%    OUT1 = A_linearModel_UBsensor_LSS_4_13(T,IN2,IN3)

%    This function was generated by the Symbolic Math Toolbox version 9.0.
%    29-Aug-2023 13:51:05

F1 = in3(1,:);
F2 = in3(2,:);
x1 = in2(1,:);
x2 = in2(2,:);
x3 = in2(3,:);
x7 = in2(7,:);
x8 = in2(8,:);
x9 = in2(9,:);
x10 = in2(10,:);
et1 = (x7.*x10.*2.0+x8.*x9.*2.0).*(F1-x1+x7.*x9.*1.073428629467375e-2+x8.*x10.*1.073428629467375e-2)-(x7.^2+x8.^2-x9.^2-x10.^2).*(F2-x2-x7.*x8.*1.073428629467375e-2+x9.*x10.*1.073428629467375e-2);
et2 = (x7.*x10.*2.0-x8.*x9.*2.0).*(x3-x7.^2.*5.566953401523253e-2+x8.^2.*5.566953401523253e-2+x9.^2.*5.566953401523253e-2-x10.^2.*5.566953401523253e-2);
et3 = 1.377410497269444e-2;
et4 = (x7.*x10.*2.0-x8.*x9.*2.0).*(F2-x2-x7.*x8.*1.113390680304651e-1+x9.*x10.*1.113390680304651e-1)+(x7.^2-x8.^2+x9.^2-x10.^2).*(F1-x1+x7.*x9.*1.113390680304651e-1+x8.*x10.*1.113390680304651e-1);
et5 = (x7.^2+x8.^2-x9.^2-x10.^2).*(x3-x7.^2.*5.367143147336877e-3+x8.^2.*5.367143147336877e-3+x9.^2.*5.367143147336877e-3-x10.^2.*5.367143147336877e-3);
et6 = 1.377410497269444e-2;
et7 = (x7.*x10.*2.0+x8.*x9.*2.0).*(F1-x1+x7.*x9.*1.073428629467375e-2+x8.*x10.*1.073428629467375e-2)-(x7.^2+x8.^2-x9.^2-x10.^2).*(F2-x2-x7.*x8.*1.073428629467375e-2+x9.*x10.*1.073428629467375e-2);
et8 = (x7.*x10.*2.0-x8.*x9.*2.0).*(x3-x7.^2.*5.566953401523253e-2+x8.^2.*5.566953401523253e-2+x9.^2.*5.566953401523253e-2-x10.^2.*5.566953401523253e-2);
et9 = (x7.*x10.*2.0-x8.*x9.*2.0).*(F2-x2-x7.*x8.*1.113390680304651e-1+x9.*x10.*1.113390680304651e-1)+(x7.^2-x8.^2+x9.^2-x10.^2).*(F1-x1+x7.*x9.*1.113390680304651e-1+x8.*x10.*1.113390680304651e-1);
et10 = (x7.^2+x8.^2-x9.^2-x10.^2).*(x3-x7.^2.*5.367143147336877e-3+x8.^2.*5.367143147336877e-3+x9.^2.*5.367143147336877e-3-x10.^2.*5.367143147336877e-3);
et11 = (x7.*x10.*2.0-x8.*x9.*2.0).*(F2-x2-x7.*x8.*1.113390680304651e-1+x9.*x10.*1.113390680304651e-1)+(x7.^2-x8.^2+x9.^2-x10.^2).*(F1-x1+x7.*x9.*1.113390680304651e-1+x8.*x10.*1.113390680304651e-1);
et12 = (x7.*x10.*2.0+x8.*x9.*2.0).*(x3-x7.^2.*5.367143147336877e-3+x8.^2.*5.367143147336877e-3+x9.^2.*5.367143147336877e-3-x10.^2.*5.367143147336877e-3);
et13 = (x7.*x10.*2.0+x8.*x9.*2.0).*(F1-x1+x7.*x9.*1.073428629467375e-2+x8.*x10.*1.073428629467375e-2)-(x7.^2+x8.^2-x9.^2-x10.^2).*(F2-x2-x7.*x8.*1.073428629467375e-2+x9.*x10.*1.073428629467375e-2);
et14 = -(x7.^2-x8.^2+x9.^2-x10.^2).*(x3-x7.^2.*5.566953401523253e-2+x8.^2.*5.566953401523253e-2+x9.^2.*5.566953401523253e-2-x10.^2.*5.566953401523253e-2);
et15 = (x8.^2.*2.0+x9.^2.*2.0-1.0).^2.*(x3+x8.^2.*1.073428629467375e-2+x9.^2.*1.073428629467375e-2-5.367143147336877e-3).^2;
et16 = (x3+x8.^2.*1.113390680304651e-1+x9.^2.*1.113390680304651e-1-5.566953401523253e-2).^2;
et17 = x7.*x8.*3.164255857534066e-1-x9.*x10.*3.164255857534066e-1+x7.^2.*2.026051394651236e-1-x8.^2.*2.026051394651236e-1+x9.^2.*2.026051394651236e-1;
et18 = x10.^2.*(-2.026051394651236e-1);
et19 = x7.*x8.*4.052102789302472e-1+x9.*x10.*4.052102789302472e-1-x7.^2.*1.582127928767033e-1+x8.^2.*1.582127928767033e-1+x9.^2.*1.582127928767033e-1;
et20 = x10.^2.*(-1.582127928767033e-1);
et21 = F2-x2-x7.*x8.*3.164255857534066e-1+x9.*x10.*3.164255857534066e-1-x7.^2.*2.026051394651236e-1+x8.^2.*2.026051394651236e-1-x9.^2.*2.026051394651236e-1;
et22 = x10.^2.*2.026051394651236e-1;
et23 = x3+x7.*x8.*4.052102789302472e-1+x9.*x10.*4.052102789302472e-1-x7.^2.*1.582127928767033e-1+x8.^2.*1.582127928767033e-1+x9.^2.*1.582127928767033e-1;
et24 = x10.^2.*(-1.582127928767033e-1);
et25 = (x8.*(et17+et18).*2.0-x7.*(et19+et20).*2.0).*1.0./sqrt((et21+et22).^2+(F1-x1+x7.*x9.*3.164255857534066e-1+x7.*x10.*4.052102789302472e-1-x8.*x9.*4.052102789302472e-1+x8.*x10.*3.164255857534066e-1).^2+(et23+et24).^2);
et26 = (F1-x1+x7.*x9.*3.164255857534066e-1+x7.*x10.*4.052102789302472e-1-x8.*x9.*4.052102789302472e-1+x8.*x10.*3.164255857534066e-1).*2.503288954134034e-9;
et27 = x7.*x8.*4.052102789302472e-1+x9.*x10.*4.052102789302472e-1-x7.^2.*1.582127928767033e-1+x8.^2.*1.582127928767033e-1+x9.^2.*1.582127928767033e-1;
et28 = x10.^2.*(-1.582127928767033e-1);
et29 = F2-x2-x7.*x8.*3.164255857534066e-1+x9.*x10.*3.164255857534066e-1-x7.^2.*2.026051394651236e-1+x8.^2.*2.026051394651236e-1-x9.^2.*2.026051394651236e-1;
et30 = x10.^2.*2.026051394651236e-1;
et31 = x3+x7.*x8.*4.052102789302472e-1+x9.*x10.*4.052102789302472e-1-x7.^2.*1.582127928767033e-1+x8.^2.*1.582127928767033e-1+x9.^2.*1.582127928767033e-1;
et32 = x10.^2.*(-1.582127928767033e-1);
et33 = F2-x2-x7.*x8.*3.164255857534066e-1+x9.*x10.*3.164255857534066e-1-x7.^2.*2.026051394651236e-1+x8.^2.*2.026051394651236e-1-x9.^2.*2.026051394651236e-1;
et34 = x10.^2.*2.026051394651236e-1;
et35 = x8.*(x7.*x9.*3.164255857534066e-1+x7.*x10.*4.052102789302472e-1-x8.*x9.*4.052102789302472e-1+x8.*x10.*3.164255857534066e-1).*2.0-x10.*(et27+et28).*2.0;
et36 = 1.0./sqrt((et29+et30).^2+(F1-x1+x7.*x9.*3.164255857534066e-1+x7.*x10.*4.052102789302472e-1-x8.*x9.*4.052102789302472e-1+x8.*x10.*3.164255857534066e-1).^2+(et31+et32).^2).*(et33+et34);
et37 = 2.503288954134034e-9;
et38 = x7.*x8.*3.164255857534066e-1-x9.*x10.*3.164255857534066e-1+x7.^2.*2.026051394651236e-1-x8.^2.*2.026051394651236e-1+x9.^2.*2.026051394651236e-1;
et39 = x10.^2.*(-2.026051394651236e-1);
et40 = F2-x2-x7.*x8.*3.164255857534066e-1+x9.*x10.*3.164255857534066e-1-x7.^2.*2.026051394651236e-1+x8.^2.*2.026051394651236e-1-x9.^2.*2.026051394651236e-1;
et41 = x10.^2.*2.026051394651236e-1;
et42 = x3+x7.*x8.*4.052102789302472e-1+x9.*x10.*4.052102789302472e-1-x7.^2.*1.582127928767033e-1+x8.^2.*1.582127928767033e-1+x9.^2.*1.582127928767033e-1;
et43 = x10.^2.*(-1.582127928767033e-1);
et44 = x3+x7.*x8.*4.052102789302472e-1+x9.*x10.*4.052102789302472e-1-x7.^2.*1.582127928767033e-1+x8.^2.*1.582127928767033e-1+x9.^2.*1.582127928767033e-1;
et45 = x10.^2.*(-1.582127928767033e-1);
et46 = x7.*(x7.*x9.*3.164255857534066e-1+x7.*x10.*4.052102789302472e-1-x8.*x9.*4.052102789302472e-1+x8.*x10.*3.164255857534066e-1).*2.0-x10.*(et38+et39).*2.0;
et47 = 1.0./sqrt((et40+et41).^2+(F1-x1+x7.*x9.*3.164255857534066e-1+x7.*x10.*4.052102789302472e-1-x8.*x9.*4.052102789302472e-1+x8.*x10.*3.164255857534066e-1).^2+(et42+et43).^2).*(et44+et45);
et48 = 2.503288954134034e-9;
et49 = (x7.*x10.*2.0-x8.*x9.*2.0).*(F2-x2-x7.*x8.*1.113390680304651e-1+x9.*x10.*1.113390680304651e-1)+(x7.^2-x8.^2+x9.^2-x10.^2).*(F1-x1+x7.*x9.*1.113390680304651e-1+x8.*x10.*1.113390680304651e-1);
et50 = (x7.*x10.*2.0+x8.*x9.*2.0).*(x3-x7.^2.*5.367143147336877e-3+x8.^2.*5.367143147336877e-3+x9.^2.*5.367143147336877e-3-x10.^2.*5.367143147336877e-3);
et51 = (x7.*x10.*2.0+x8.*x9.*2.0).*(F1-x1+x7.*x9.*1.073428629467375e-2+x8.*x10.*1.073428629467375e-2)-(x7.^2+x8.^2-x9.^2-x10.^2).*(F2-x2-x7.*x8.*1.073428629467375e-2+x9.*x10.*1.073428629467375e-2);
et52 = -(x7.^2-x8.^2+x9.^2-x10.^2).*(x3-x7.^2.*5.566953401523253e-2+x8.^2.*5.566953401523253e-2+x9.^2.*5.566953401523253e-2-x10.^2.*5.566953401523253e-2);
et53 = F2-x2-x7.*x8.*3.164255857534066e-1+x9.*x10.*3.164255857534066e-1-x7.^2.*2.026051394651236e-1+x8.^2.*2.026051394651236e-1-x9.^2.*2.026051394651236e-1;
et54 = x10.^2.*2.026051394651236e-1;
et55 = x3+x7.*x8.*4.052102789302472e-1+x9.*x10.*4.052102789302472e-1-x7.^2.*1.582127928767033e-1+x8.^2.*1.582127928767033e-1+x9.^2.*1.582127928767033e-1;
et56 = x10.^2.*(-1.582127928767033e-1);
et57 = (x7.*x10.*2.0+x8.*x9.*2.0).*(F1-x1+x7.*x9.*1.073428629467375e-2+x8.*x10.*1.073428629467375e-2)-(x7.^2+x8.^2-x9.^2-x10.^2).*(F2-x2-x7.*x8.*1.073428629467375e-2+x9.*x10.*1.073428629467375e-2);
et58 = (x7.*x10.*2.0-x8.*x9.*2.0).*(x3-x7.^2.*5.566953401523253e-2+x8.^2.*5.566953401523253e-2+x9.^2.*5.566953401523253e-2-x10.^2.*5.566953401523253e-2);
et59 = (x7.*x10.*2.0-x8.*x9.*2.0).*(F2-x2-x7.*x8.*1.113390680304651e-1+x9.*x10.*1.113390680304651e-1)+(x7.^2-x8.^2+x9.^2-x10.^2).*(F1-x1+x7.*x9.*1.113390680304651e-1+x8.*x10.*1.113390680304651e-1);
